1.388888888888888928e+01
1.944444444444444287e+01
2.656250000000000000e+01
3.185763888888888928e+01
3.602430555555555713e+01
4.166666666666666430e+01
4.609375000000000000e+01
5.095486111111111427e+01
5.407986111111111427e+01
5.815972222222222143e+01
6.015625000000000000e+01
6.189236111111111427e+01
6.232638888888888573e+01
6.579861111111111427e+01
6.631944444444444287e+01
6.649305555555555713e+01
7.005208333333332860e+01
6.840277777777777146e+01
7.222222222222222854e+01
7.239583333333332860e+01
7.560763888888888573e+01
7.300347222222222854e+01
7.656250000000000000e+01
7.517361111111111427e+01
7.708333333333332860e+01
7.864583333333332860e+01
7.847222222222222854e+01
7.847222222222222854e+01
7.751736111111111427e+01
7.829861111111111427e+01
8.055555555555555713e+01
7.795138888888888573e+01
7.777777777777777146e+01
7.899305555555555713e+01
8.211805555555555713e+01
8.185763888888888573e+01
8.185763888888888573e+01
8.194444444444444287e+01
8.220486111111111427e+01
7.777777777777777146e+01
8.159722222222222854e+01
8.194444444444444287e+01
8.038194444444444287e+01
8.142361111111111427e+01
8.333333333333332860e+01
8.125000000000000000e+01
8.394097222222222854e+01
8.385416666666667140e+01
8.437500000000000000e+01
8.385416666666667140e+01
8.402777777777777146e+01
8.255208333333332860e+01
8.385416666666667140e+01
8.402777777777777146e+01
8.307291666666667140e+01
8.342013888888888573e+01
8.333333333333332860e+01
8.159722222222222854e+01
8.376736111111111427e+01
8.489583333333332860e+01
8.315972222222222854e+01
8.394097222222222854e+01
8.628472222222222854e+01
8.515625000000000000e+01
8.402777777777777146e+01
8.480902777777777146e+01
8.515625000000000000e+01
8.463541666666667140e+01
8.350694444444444287e+01
7.682291666666667140e+01
8.532986111111111427e+01
8.619791666666667140e+01
8.524305555555555713e+01
8.628472222222222854e+01
8.532986111111111427e+01
8.515625000000000000e+01
8.585069444444444287e+01
8.619791666666667140e+01
8.524305555555555713e+01
8.593750000000000000e+01
8.576388888888888573e+01
8.671875000000000000e+01
8.593750000000000000e+01
8.611111111111111427e+01
8.498263888888888573e+01
8.411458333333332860e+01
8.593750000000000000e+01
8.637152777777777146e+01
8.663194444444444287e+01
8.741319444444444287e+01
8.593750000000000000e+01
8.619791666666667140e+01
8.637152777777777146e+01
8.559027777777777146e+01
8.645833333333332860e+01
8.706597222222222854e+01
8.541666666666667140e+01
8.411458333333332860e+01
8.385416666666667140e+01
8.697916666666667140e+01
8.550347222222222854e+01
8.420138888888888573e+01
8.463541666666667140e+01
8.723958333333332860e+01
8.489583333333332860e+01
8.541666666666667140e+01
8.758680555555555713e+01
8.758680555555555713e+01
8.723958333333332860e+01
8.671875000000000000e+01
8.454861111111111427e+01
8.515625000000000000e+01
8.324652777777777146e+01
8.697916666666667140e+01
8.593750000000000000e+01
8.715277777777777146e+01
8.741319444444444287e+01
8.810763888888888573e+01
8.750000000000000000e+01
8.689236111111111427e+01
8.680555555555555713e+01
8.767361111111111427e+01
8.793402777777777146e+01
8.767361111111111427e+01
8.732638888888888573e+01
8.750000000000000000e+01
8.750000000000000000e+01
8.793402777777777146e+01
8.767361111111111427e+01
8.697916666666667140e+01
8.758680555555555713e+01
8.611111111111111427e+01
8.541666666666667140e+01
8.376736111111111427e+01
8.177083333333332860e+01
8.567708333333332860e+01
8.706597222222222854e+01
8.784722222222222854e+01
8.654513888888888573e+01
8.628472222222222854e+01
8.828125000000000000e+01
8.776041666666667140e+01
8.802083333333332860e+01
8.715277777777777146e+01
8.680555555555555713e+01
8.819444444444444287e+01
8.784722222222222854e+01
8.836805555555555713e+01
8.810763888888888573e+01
8.732638888888888573e+01
8.524305555555555713e+01
8.428819444444444287e+01
8.654513888888888573e+01
8.750000000000000000e+01
8.741319444444444287e+01
8.776041666666667140e+01
8.663194444444444287e+01
8.776041666666667140e+01
8.802083333333332860e+01
8.776041666666667140e+01
8.836805555555555713e+01
8.854166666666667140e+01
8.854166666666667140e+01
8.767361111111111427e+01
8.706597222222222854e+01
8.828125000000000000e+01
8.854166666666667140e+01
8.802083333333332860e+01
8.836805555555555713e+01
8.802083333333332860e+01
8.810763888888888573e+01
8.880208333333332860e+01
8.862847222222222854e+01
8.880208333333332860e+01
8.376736111111111427e+01
8.845486111111111427e+01
8.776041666666667140e+01
8.810763888888888573e+01
8.767361111111111427e+01
8.819444444444444287e+01
8.845486111111111427e+01
8.793402777777777146e+01
8.810763888888888573e+01
8.828125000000000000e+01
8.897569444444444287e+01
8.828125000000000000e+01
8.819444444444444287e+01
8.897569444444444287e+01
8.776041666666667140e+01
8.750000000000000000e+01
8.862847222222222854e+01
8.871527777777777146e+01
8.914930555555555713e+01
8.845486111111111427e+01
8.828125000000000000e+01
8.871527777777777146e+01
8.784722222222222854e+01
8.750000000000000000e+01
8.940972222222222854e+01
8.923611111111111427e+01
8.854166666666667140e+01
8.914930555555555713e+01
8.871527777777777146e+01
8.871527777777777146e+01
8.888888888888888573e+01
8.940972222222222854e+01
8.932291666666667140e+01
8.975694444444444287e+01
8.723958333333332860e+01
8.897569444444444287e+01
8.819444444444444287e+01
8.819444444444444287e+01
8.871527777777777146e+01
8.880208333333332860e+01
8.819444444444444287e+01
8.888888888888888573e+01
8.888888888888888573e+01
8.862847222222222854e+01
8.862847222222222854e+01
8.993055555555555713e+01
8.958333333333332860e+01
8.932291666666667140e+01
8.993055555555555713e+01
8.984375000000000000e+01
8.940972222222222854e+01
8.993055555555555713e+01
8.428819444444444287e+01
8.932291666666667140e+01
8.932291666666667140e+01
8.932291666666667140e+01
8.932291666666667140e+01
8.880208333333332860e+01
8.923611111111111427e+01
8.958333333333332860e+01
8.940972222222222854e+01
8.932291666666667140e+01
9.001736111111111427e+01
8.967013888888888573e+01
8.975694444444444287e+01
8.906250000000000000e+01
8.932291666666667140e+01
8.940972222222222854e+01
8.914930555555555713e+01
8.984375000000000000e+01
8.993055555555555713e+01
8.880208333333332860e+01
8.949652777777777146e+01
8.940972222222222854e+01
8.906250000000000000e+01
8.949652777777777146e+01
8.888888888888888573e+01
8.940972222222222854e+01
8.958333333333332860e+01
8.967013888888888573e+01
8.984375000000000000e+01
8.958333333333332860e+01
8.967013888888888573e+01
8.923611111111111427e+01
8.923611111111111427e+01
8.984375000000000000e+01
8.923611111111111427e+01
8.993055555555555713e+01
8.967013888888888573e+01
8.949652777777777146e+01
8.967013888888888573e+01
8.862847222222222854e+01
8.862847222222222854e+01
8.706597222222222854e+01
8.871527777777777146e+01
8.828125000000000000e+01
8.975694444444444287e+01
8.845486111111111427e+01
8.923611111111111427e+01
8.923611111111111427e+01
8.975694444444444287e+01
9.036458333333332860e+01
8.967013888888888573e+01
8.862847222222222854e+01
9.001736111111111427e+01
8.993055555555555713e+01
8.949652777777777146e+01
9.010416666666667140e+01
9.010416666666667140e+01
8.993055555555555713e+01
8.993055555555555713e+01
8.975694444444444287e+01
9.010416666666667140e+01
8.958333333333332860e+01
8.880208333333332860e+01
8.802083333333332860e+01
8.671875000000000000e+01
8.376736111111111427e+01
8.532986111111111427e+01
8.689236111111111427e+01
9.010416666666667140e+01
8.897569444444444287e+01
8.949652777777777146e+01
8.975694444444444287e+01
9.053819444444444287e+01
9.019097222222222854e+01
8.940972222222222854e+01
8.802083333333332860e+01
8.993055555555555713e+01
8.975694444444444287e+01
8.993055555555555713e+01
9.027777777777777146e+01
8.949652777777777146e+01
8.845486111111111427e+01
8.854166666666667140e+01
8.897569444444444287e+01
8.923611111111111427e+01
9.010416666666667140e+01
8.923611111111111427e+01
8.880208333333332860e+01
8.906250000000000000e+01
8.975694444444444287e+01
8.949652777777777146e+01
9.019097222222222854e+01
9.010416666666667140e+01
9.019097222222222854e+01
8.958333333333332860e+01
8.958333333333332860e+01
9.036458333333332860e+01
9.062500000000000000e+01
8.949652777777777146e+01
9.027777777777777146e+01
9.027777777777777146e+01
9.027777777777777146e+01
9.053819444444444287e+01
9.036458333333332860e+01
9.019097222222222854e+01
8.732638888888888573e+01
8.967013888888888573e+01
8.975694444444444287e+01
9.001736111111111427e+01
8.958333333333332860e+01
9.045138888888888573e+01
9.045138888888888573e+01
8.958333333333332860e+01
9.045138888888888573e+01
9.001736111111111427e+01
8.984375000000000000e+01
8.967013888888888573e+01
8.984375000000000000e+01
8.949652777777777146e+01
8.940972222222222854e+01
8.975694444444444287e+01
9.036458333333332860e+01
9.027777777777777146e+01
9.062500000000000000e+01
8.880208333333332860e+01
9.010416666666667140e+01
9.045138888888888573e+01
8.967013888888888573e+01
8.888888888888888573e+01
9.010416666666667140e+01
9.114583333333332860e+01
8.949652777777777146e+01
9.062500000000000000e+01
9.036458333333332860e+01
9.053819444444444287e+01
9.105902777777777146e+01
9.053819444444444287e+01
9.036458333333332860e+01
9.062500000000000000e+01
8.967013888888888573e+01
9.053819444444444287e+01
9.036458333333332860e+01
9.019097222222222854e+01
9.053819444444444287e+01
9.062500000000000000e+01
8.932291666666667140e+01
9.053819444444444287e+01
8.940972222222222854e+01
8.984375000000000000e+01
9.001736111111111427e+01
9.097222222222222854e+01
9.045138888888888573e+01
9.062500000000000000e+01
9.131944444444444287e+01
9.088541666666667140e+01
9.079861111111111427e+01
9.045138888888888573e+01
8.680555555555555713e+01
9.062500000000000000e+01
9.001736111111111427e+01
9.105902777777777146e+01
9.036458333333332860e+01
9.036458333333332860e+01
9.097222222222222854e+01
9.045138888888888573e+01
9.019097222222222854e+01
9.027777777777777146e+01
9.062500000000000000e+01
9.045138888888888573e+01
9.131944444444444287e+01
9.010416666666667140e+01
9.053819444444444287e+01
9.019097222222222854e+01
9.071180555555555713e+01
9.114583333333332860e+01
9.097222222222222854e+01
8.984375000000000000e+01
9.071180555555555713e+01
9.045138888888888573e+01
9.036458333333332860e+01
9.045138888888888573e+01
8.984375000000000000e+01
9.036458333333332860e+01
9.071180555555555713e+01
9.071180555555555713e+01
9.027777777777777146e+01
9.001736111111111427e+01
9.079861111111111427e+01
9.027777777777777146e+01
9.053819444444444287e+01
9.019097222222222854e+01
8.975694444444444287e+01
9.105902777777777146e+01
9.079861111111111427e+01
9.123263888888888573e+01
9.079861111111111427e+01
9.019097222222222854e+01
9.001736111111111427e+01
8.906250000000000000e+01
9.001736111111111427e+01
8.984375000000000000e+01
9.036458333333332860e+01
8.949652777777777146e+01
9.001736111111111427e+01
9.079861111111111427e+01
9.079861111111111427e+01
9.097222222222222854e+01
9.097222222222222854e+01
9.027777777777777146e+01
9.088541666666667140e+01
9.071180555555555713e+01
9.097222222222222854e+01
9.123263888888888573e+01
9.088541666666667140e+01
9.088541666666667140e+01
9.079861111111111427e+01
9.079861111111111427e+01
9.131944444444444287e+01
9.071180555555555713e+01
8.993055555555555713e+01
8.993055555555555713e+01
8.845486111111111427e+01
8.645833333333332860e+01
8.706597222222222854e+01
8.784722222222222854e+01
9.079861111111111427e+01
9.036458333333332860e+01
9.062500000000000000e+01
9.053819444444444287e+01
9.157986111111111427e+01
9.079861111111111427e+01
9.010416666666667140e+01
8.914930555555555713e+01
9.131944444444444287e+01
9.045138888888888573e+01
9.105902777777777146e+01
9.123263888888888573e+01
9.062500000000000000e+01
8.993055555555555713e+01
8.984375000000000000e+01
8.914930555555555713e+01
9.088541666666667140e+01
9.105902777777777146e+01
9.036458333333332860e+01
8.984375000000000000e+01
9.088541666666667140e+01
9.036458333333332860e+01
9.010416666666667140e+01
9.088541666666667140e+01
9.114583333333332860e+01
9.114583333333332860e+01
9.105902777777777146e+01
9.053819444444444287e+01
9.097222222222222854e+01
9.157986111111111427e+01
9.027777777777777146e+01
9.149305555555555713e+01
9.105902777777777146e+01
9.097222222222222854e+01
9.140625000000000000e+01
9.149305555555555713e+01
9.079861111111111427e+01
8.940972222222222854e+01
9.062500000000000000e+01
9.123263888888888573e+01
9.097222222222222854e+01
9.053819444444444287e+01
9.140625000000000000e+01
9.131944444444444287e+01
9.027777777777777146e+01
9.105902777777777146e+01
9.053819444444444287e+01
9.053819444444444287e+01
9.062500000000000000e+01
9.088541666666667140e+01
9.027777777777777146e+01
9.079861111111111427e+01
9.071180555555555713e+01
9.123263888888888573e+01
9.088541666666667140e+01
9.114583333333332860e+01
9.019097222222222854e+01
9.062500000000000000e+01
9.131944444444444287e+01
9.045138888888888573e+01
8.958333333333332860e+01
9.071180555555555713e+01
9.166666666666667140e+01
9.027777777777777146e+01
9.131944444444444287e+01
9.123263888888888573e+01
9.131944444444444287e+01
9.140625000000000000e+01
9.097222222222222854e+01
9.114583333333332860e+01
9.114583333333332860e+01
9.036458333333332860e+01
9.131944444444444287e+01
9.114583333333332860e+01
9.045138888888888573e+01
9.149305555555555713e+01
9.149305555555555713e+01
9.019097222222222854e+01
9.062500000000000000e+01
9.019097222222222854e+01
9.114583333333332860e+01
9.088541666666667140e+01
9.114583333333332860e+01
9.123263888888888573e+01
9.114583333333332860e+01
9.157986111111111427e+01
9.149305555555555713e+01
9.123263888888888573e+01
9.149305555555555713e+01
8.871527777777777146e+01
9.131944444444444287e+01
9.097222222222222854e+01
9.166666666666667140e+01
9.140625000000000000e+01
9.079861111111111427e+01
9.123263888888888573e+01
9.157986111111111427e+01
9.123263888888888573e+01
9.088541666666667140e+01
9.140625000000000000e+01
9.097222222222222854e+01
9.166666666666667140e+01
9.097222222222222854e+01
9.192708333333332860e+01
9.079861111111111427e+01
9.114583333333332860e+01
9.201388888888888573e+01
9.166666666666667140e+01
9.053819444444444287e+01
9.123263888888888573e+01
9.088541666666667140e+01
9.045138888888888573e+01
9.097222222222222854e+01
9.027777777777777146e+01
9.166666666666667140e+01
9.149305555555555713e+01
9.105902777777777146e+01
9.088541666666667140e+01
9.045138888888888573e+01
9.149305555555555713e+01
9.131944444444444287e+01
9.097222222222222854e+01
9.097222222222222854e+01
9.062500000000000000e+01
9.157986111111111427e+01
9.123263888888888573e+01
9.201388888888888573e+01
9.157986111111111427e+01
9.114583333333332860e+01
9.123263888888888573e+01
9.027777777777777146e+01
9.184027777777777146e+01
9.071180555555555713e+01
9.114583333333332860e+01
9.027777777777777146e+01
9.053819444444444287e+01
9.157986111111111427e+01
9.114583333333332860e+01
9.123263888888888573e+01
9.140625000000000000e+01
9.079861111111111427e+01
9.157986111111111427e+01
9.140625000000000000e+01
9.131944444444444287e+01
9.131944444444444287e+01
9.131944444444444287e+01
9.149305555555555713e+01
9.184027777777777146e+01
9.123263888888888573e+01
9.166666666666667140e+01
9.079861111111111427e+01
9.071180555555555713e+01
9.114583333333332860e+01
9.036458333333332860e+01
8.871527777777777146e+01
8.897569444444444287e+01
8.984375000000000000e+01
9.140625000000000000e+01
9.140625000000000000e+01
9.114583333333332860e+01
9.149305555555555713e+01
9.131944444444444287e+01
9.131944444444444287e+01
9.053819444444444287e+01
9.027777777777777146e+01
9.149305555555555713e+01
9.097222222222222854e+01
9.123263888888888573e+01
9.175347222222222854e+01
9.114583333333332860e+01
9.131944444444444287e+01
9.045138888888888573e+01
9.071180555555555713e+01
9.149305555555555713e+01
9.166666666666667140e+01
9.088541666666667140e+01
9.053819444444444287e+01
9.184027777777777146e+01
9.149305555555555713e+01
9.097222222222222854e+01
9.140625000000000000e+01
9.192708333333332860e+01
9.140625000000000000e+01
9.184027777777777146e+01
9.123263888888888573e+01
9.131944444444444287e+01
9.201388888888888573e+01
9.140625000000000000e+01
9.184027777777777146e+01
9.184027777777777146e+01
9.166666666666667140e+01
9.157986111111111427e+01
9.175347222222222854e+01
9.131944444444444287e+01
9.036458333333332860e+01
9.079861111111111427e+01
9.166666666666667140e+01
9.123263888888888573e+01
9.131944444444444287e+01
9.175347222222222854e+01
9.201388888888888573e+01
9.105902777777777146e+01
9.192708333333332860e+01
9.114583333333332860e+01
9.166666666666667140e+01
9.097222222222222854e+01
9.097222222222222854e+01
9.088541666666667140e+01
9.131944444444444287e+01
9.140625000000000000e+01
9.157986111111111427e+01
9.149305555555555713e+01
9.175347222222222854e+01
9.053819444444444287e+01
9.131944444444444287e+01
9.184027777777777146e+01
9.097222222222222854e+01
9.053819444444444287e+01
9.166666666666667140e+01
9.201388888888888573e+01
9.071180555555555713e+01
9.175347222222222854e+01
9.140625000000000000e+01
9.175347222222222854e+01
9.175347222222222854e+01
9.140625000000000000e+01
9.140625000000000000e+01
9.149305555555555713e+01
9.131944444444444287e+01
9.218750000000000000e+01
9.097222222222222854e+01
9.131944444444444287e+01
9.218750000000000000e+01
9.175347222222222854e+01
9.062500000000000000e+01
9.123263888888888573e+01
9.123263888888888573e+01
9.184027777777777146e+01
9.131944444444444287e+01
9.166666666666667140e+01
9.149305555555555713e+01
9.201388888888888573e+01
9.201388888888888573e+01
9.210069444444444287e+01
9.149305555555555713e+01
9.201388888888888573e+01
9.027777777777777146e+01
9.157986111111111427e+01
9.157986111111111427e+01
9.184027777777777146e+01
9.149305555555555713e+01
9.157986111111111427e+01
9.192708333333332860e+01
9.201388888888888573e+01
9.175347222222222854e+01
9.149305555555555713e+01
9.149305555555555713e+01
9.157986111111111427e+01
9.218750000000000000e+01
9.175347222222222854e+01
9.218750000000000000e+01
9.149305555555555713e+01
9.175347222222222854e+01
9.210069444444444287e+01
9.184027777777777146e+01
9.097222222222222854e+01
9.166666666666667140e+01
9.175347222222222854e+01
9.088541666666667140e+01
9.123263888888888573e+01
9.097222222222222854e+01
9.227430555555555713e+01
9.184027777777777146e+01
9.123263888888888573e+01
9.140625000000000000e+01
9.149305555555555713e+01
9.201388888888888573e+01
9.175347222222222854e+01
9.149305555555555713e+01
9.114583333333332860e+01
9.131944444444444287e+01
9.227430555555555713e+01
9.184027777777777146e+01
9.192708333333332860e+01
9.218750000000000000e+01
9.184027777777777146e+01
9.192708333333332860e+01
9.053819444444444287e+01
9.236111111111111427e+01
9.131944444444444287e+01
9.131944444444444287e+01
9.079861111111111427e+01
9.140625000000000000e+01
9.140625000000000000e+01
9.166666666666667140e+01
9.149305555555555713e+01
9.201388888888888573e+01
9.097222222222222854e+01
9.192708333333332860e+01
9.192708333333332860e+01
9.210069444444444287e+01
9.175347222222222854e+01
9.236111111111111427e+01
9.184027777777777146e+01
9.184027777777777146e+01
9.210069444444444287e+01
9.184027777777777146e+01
9.149305555555555713e+01
9.123263888888888573e+01
9.166666666666667140e+01
9.149305555555555713e+01
9.036458333333332860e+01
9.053819444444444287e+01
9.123263888888888573e+01
9.210069444444444287e+01
9.201388888888888573e+01
9.140625000000000000e+01
9.210069444444444287e+01
9.166666666666667140e+01
9.184027777777777146e+01
9.131944444444444287e+01
9.123263888888888573e+01
9.192708333333332860e+01
9.157986111111111427e+01
9.140625000000000000e+01
9.175347222222222854e+01
9.175347222222222854e+01
9.218750000000000000e+01
9.131944444444444287e+01
9.123263888888888573e+01
9.236111111111111427e+01
9.244791666666667140e+01
9.192708333333332860e+01
9.123263888888888573e+01
9.184027777777777146e+01
9.140625000000000000e+01
9.201388888888888573e+01
9.184027777777777146e+01
9.192708333333332860e+01
9.175347222222222854e+01
9.218750000000000000e+01
9.175347222222222854e+01
9.192708333333332860e+01
9.210069444444444287e+01
9.210069444444444287e+01
9.227430555555555713e+01
9.218750000000000000e+01
9.218750000000000000e+01
9.184027777777777146e+01
9.236111111111111427e+01
9.131944444444444287e+01
9.036458333333332860e+01
9.114583333333332860e+01
9.157986111111111427e+01
9.201388888888888573e+01
9.192708333333332860e+01
9.236111111111111427e+01
9.244791666666667140e+01
9.166666666666667140e+01
9.227430555555555713e+01
9.192708333333332860e+01
9.192708333333332860e+01
9.131944444444444287e+01
9.166666666666667140e+01
9.201388888888888573e+01
9.227430555555555713e+01
9.201388888888888573e+01
9.175347222222222854e+01
9.201388888888888573e+01
9.227430555555555713e+01
9.097222222222222854e+01
9.192708333333332860e+01
9.210069444444444287e+01
9.175347222222222854e+01
9.071180555555555713e+01
9.175347222222222854e+01
9.201388888888888573e+01
9.166666666666667140e+01
9.210069444444444287e+01
9.184027777777777146e+01
9.262152777777777146e+01
9.201388888888888573e+01
9.192708333333332860e+01
9.149305555555555713e+01
9.236111111111111427e+01
9.210069444444444287e+01
9.236111111111111427e+01
9.149305555555555713e+01
9.210069444444444287e+01
9.236111111111111427e+01
9.201388888888888573e+01
9.114583333333332860e+01
9.123263888888888573e+01
9.166666666666667140e+01
9.218750000000000000e+01
9.236111111111111427e+01
9.244791666666667140e+01
9.192708333333332860e+01
9.210069444444444287e+01
9.210069444444444287e+01
9.253472222222222854e+01
9.192708333333332860e+01
9.253472222222222854e+01
9.053819444444444287e+01
9.140625000000000000e+01
9.210069444444444287e+01
9.210069444444444287e+01
9.210069444444444287e+01
9.175347222222222854e+01
9.236111111111111427e+01
9.236111111111111427e+01
9.218750000000000000e+01
9.201388888888888573e+01
9.175347222222222854e+01
9.218750000000000000e+01
9.236111111111111427e+01
9.227430555555555713e+01
9.279513888888888573e+01
9.210069444444444287e+01
9.210069444444444287e+01
9.244791666666667140e+01
9.253472222222222854e+01
9.192708333333332860e+01
9.201388888888888573e+01
9.175347222222222854e+01
9.157986111111111427e+01
9.166666666666667140e+01
9.149305555555555713e+01
9.210069444444444287e+01
9.244791666666667140e+01
9.210069444444444287e+01
9.201388888888888573e+01
9.166666666666667140e+01
9.296875000000000000e+01
9.244791666666667140e+01
9.210069444444444287e+01
9.157986111111111427e+01
9.201388888888888573e+01
9.288194444444444287e+01
9.201388888888888573e+01
9.262152777777777146e+01
9.253472222222222854e+01
9.253472222222222854e+01
9.262152777777777146e+01
9.097222222222222854e+01
9.296875000000000000e+01
9.140625000000000000e+01
9.184027777777777146e+01
9.149305555555555713e+01
9.227430555555555713e+01
9.192708333333332860e+01
9.218750000000000000e+01
9.236111111111111427e+01
9.253472222222222854e+01
9.157986111111111427e+01
9.244791666666667140e+01
9.201388888888888573e+01
9.253472222222222854e+01
9.253472222222222854e+01
9.262152777777777146e+01
9.244791666666667140e+01
9.184027777777777146e+01
9.288194444444444287e+01
9.210069444444444287e+01
9.140625000000000000e+01
9.149305555555555713e+01
9.236111111111111427e+01
9.218750000000000000e+01
9.157986111111111427e+01
9.184027777777777146e+01
9.201388888888888573e+01
9.244791666666667140e+01
9.270833333333332860e+01
9.210069444444444287e+01
9.227430555555555713e+01
9.210069444444444287e+01
9.236111111111111427e+01
9.175347222222222854e+01
9.184027777777777146e+01
9.279513888888888573e+01
9.227430555555555713e+01
9.149305555555555713e+01
9.262152777777777146e+01
9.201388888888888573e+01
9.227430555555555713e+01
9.166666666666667140e+01
9.218750000000000000e+01
9.253472222222222854e+01
9.288194444444444287e+01
9.244791666666667140e+01
9.184027777777777146e+01
9.253472222222222854e+01
9.184027777777777146e+01
9.227430555555555713e+01
9.262152777777777146e+01
9.218750000000000000e+01
9.236111111111111427e+01
9.236111111111111427e+01
9.253472222222222854e+01
9.210069444444444287e+01
9.218750000000000000e+01
9.270833333333332860e+01
9.244791666666667140e+01
9.244791666666667140e+01
9.279513888888888573e+01
9.244791666666667140e+01
9.253472222222222854e+01
9.140625000000000000e+01
9.114583333333332860e+01
9.166666666666667140e+01
9.210069444444444287e+01
9.236111111111111427e+01
9.253472222222222854e+01
9.296875000000000000e+01
9.296875000000000000e+01
9.227430555555555713e+01
9.262152777777777146e+01
9.184027777777777146e+01
9.210069444444444287e+01
9.175347222222222854e+01
9.218750000000000000e+01
9.244791666666667140e+01
9.253472222222222854e+01
9.227430555555555713e+01
9.201388888888888573e+01
9.262152777777777146e+01
9.279513888888888573e+01
9.131944444444444287e+01
9.227430555555555713e+01
9.236111111111111427e+01
9.227430555555555713e+01
9.131944444444444287e+01
9.244791666666667140e+01
9.270833333333332860e+01
9.227430555555555713e+01
9.253472222222222854e+01
9.270833333333332860e+01
9.296875000000000000e+01
9.244791666666667140e+01
9.218750000000000000e+01
9.227430555555555713e+01
9.244791666666667140e+01
9.227430555555555713e+01
9.305555555555555713e+01
9.210069444444444287e+01
9.288194444444444287e+01
9.279513888888888573e+01
9.279513888888888573e+01
9.184027777777777146e+01
