1.590475731865914106e+09
1.590475731865092039e+09
1.590475732969245911e+09
1.590475732969882011e+09
1.590475733405062914e+09
1.590475733406098843e+09
1.590475733638807058e+09
1.590475733639514923e+09
1.590475734101358175e+09
1.590475734102612019e+09
1.590475734337007046e+09
1.590475734338217020e+09
1.590475734578629971e+09
1.590475734580297947e+09
1.590475735164855003e+09
1.590475735165587902e+09
1.590475735407618046e+09
1.590475735409125805e+09
1.590475735875001192e+09
1.590475735875647068e+09
1.590475736113756895e+09
1.590475736115120173e+09
1.590475736357439041e+09
1.590475736358092070e+09
1.590475736836250782e+09
1.590475736836858034e+09
1.590475737071653128e+09
1.590475737073656082e+09
1.590475737547203064e+09
1.590475737547943830e+09
1.590475737988511086e+09
1.590475737989078999e+09
1.590475738477250099e+09
1.590475738477869034e+09
1.590475738712090015e+09
1.590475738713423967e+09
1.590475739242715836e+09
1.590475739243610859e+09
1.590475739688776016e+09
1.590475739689368010e+09
1.590475739922771931e+09
1.590475739923619986e+09
1.590475740499610901e+09
1.590475740500528812e+09
1.590475740960850954e+09
1.590475740961450100e+09
1.590475741191565990e+09
1.590475741192268133e+09
1.590475741631873131e+09
1.590475741632433891e+09
1.590475742069605827e+09
1.590475742070309162e+09
1.590475742512297869e+09
1.590475742512930155e+09
1.590475742749636173e+09
1.590475742750453949e+09
1.590475743210232973e+09
1.590475743210931063e+09
1.590475743667125940e+09
1.590475743667756081e+09
1.590475743904865980e+09
1.590475743905858040e+09
1.590475744365118980e+09
1.590475744366008043e+09
1.590475744816986799e+09
1.590475744817583084e+09
1.590475745049762964e+09
1.590475745050646067e+09
1.590475745518676996e+09
1.590475745519917011e+09
1.590475745970074177e+09
1.590475745970657110e+09
1.590475746410701990e+09
1.590475746411295891e+09
1.590475746648545027e+09
1.590475746649476051e+09
1.590475747105705976e+09
1.590475747106303930e+09
1.590475747340409040e+09
1.590475747341324091e+09
1.590475747580475807e+09
1.590475747582515955e+09
1.590475748053541183e+09
1.590475748054447174e+09
1.590475748291459084e+09
1.590475748292784929e+09
1.590475748538322926e+09
1.590475748540475845e+09
1.590475748790619850e+09
1.590475748792057037e+09
1.590475749248900175e+09
1.590475749249606848e+09
1.590475749484218121e+09
1.590475749486114025e+09
1.590475749726485968e+09
1.590475749727871895e+09
1.590475749969594002e+09
1.590475749971143961e+09
1.590475750212314844e+09
1.590475750213685989e+09
1.590475750651274920e+09
1.590475750652064085e+09
1.590475750881200075e+09
1.590475750882338047e+09
1.590475751125750065e+09
1.590475751126567841e+09
1.590475751363413095e+09
1.590475751364171982e+09
1.590475751807605982e+09
1.590475751808219910e+09
1.590475752042044878e+09
1.590475752043228865e+09
1.590475752284709930e+09
1.590475752285424232e+09
1.590475752523737192e+09
1.590475752525002956e+09
1.590475752770087004e+09
1.590475752771182060e+09
1.590475753219222069e+09
1.590475753219791889e+09
1.590475753450647116e+09
1.590475753451345921e+09
1.590475753691376925e+09
1.590475753692724943e+09
1.590475753933689117e+09
1.590475753935067892e+09
1.590475754183938980e+09
1.590475754185452938e+09
1.590475754426879883e+09
1.590475754428421974e+09
1.590475754877998114e+09
1.590475754878579855e+09
1.590475755111235142e+09
1.590475755111950159e+09
1.590475755348069191e+09
1.590475755349820852e+09
1.590475755590604067e+09
1.590475755591728210e+09
1.590475755835257053e+09
1.590475755836704969e+09
1.590475756293601036e+09
1.590475756294188023e+09
1.590475756530884027e+09
1.590475756532427073e+09
1.590475756773358107e+09
1.590475756774482965e+09
1.590475757012406111e+09
1.590475757013317823e+09
1.590475757258239031e+09
1.590475757259823084e+09
1.590475757498787165e+09
1.590475757500253916e+09
1.590475757940021038e+09
1.590475757940614939e+09
1.590475758172175884e+09
1.590475758173502922e+09
1.590475758413652897e+09
1.590475758415093899e+09
1.590475758659574986e+09
1.590475758660515070e+09
1.590475758897325993e+09
1.590475758898190022e+09
1.590475759133890152e+09
1.590475759134595156e+09
1.590475759597422123e+09
1.590475759598074198e+09
1.590475759836235046e+09
1.590475759837198019e+09
1.590475760077605963e+09
1.590475760078583002e+09
1.590475760325178146e+09
1.590475760326472998e+09
1.590475760568084002e+09
1.590475760569062948e+09
1.590475761014437199e+09
1.590475761015034199e+09
1.590475761248780012e+09
1.590475761250330925e+09
1.590475761493483067e+09
1.590475761494703054e+09
1.590475761735420942e+09
1.590475761736372948e+09
1.590475761974205017e+09
1.590475761975738049e+09
1.590475762218674898e+09
1.590475762220518827e+09
1.590475762673813105e+09
1.590475762674576998e+09
1.590475762905788898e+09
1.590475762906767130e+09
1.590475763145472050e+09
1.590475763146173000e+09
1.590475763384135962e+09
1.590475763385282040e+09
1.590475763624768972e+09
1.590475763626595020e+09
1.590475764081131935e+09
1.590475764081725836e+09
1.590475764315336943e+09
1.590475764316293955e+09
