3.690250873565673828e+00
4.219246864318847656e+00
4.751276016235351562e+00
5.277350902557373047e+00
5.810495853424072266e+00
6.340837717056274414e+00
6.869906902313232422e+00
7.403272867202758789e+00
7.936976909637451172e+00
8.470288753509521484e+00
9.001324892044067383e+00
9.527409791946411133e+00
1.004764270782470703e+01
1.057075667381286621e+01
1.109854578971862793e+01
1.163014888763427734e+01
1.216395974159240723e+01
1.269964575767517090e+01
1.323320865631103516e+01
1.375722289085388184e+01
1.428794980049133301e+01
1.481473779678344727e+01
1.534381079673767090e+01
1.587422895431518555e+01
1.639933991432189941e+01
1.692491078376770020e+01
1.745758271217346191e+01
1.798600077629089355e+01
1.851147270202636719e+01
1.903298878669738770e+01
1.955159592628479004e+01
2.007723069190979004e+01
2.060502767562866211e+01
2.112922167778015137e+01
2.165532064437866211e+01
2.217955684661865234e+01
2.270626473426818848e+01
2.322866082191467285e+01
2.375307893753051758e+01
2.427783584594726562e+01
2.480493903160095215e+01
2.532886886596679688e+01
2.585325574874877930e+01
2.638392782211303711e+01
2.690907287597656250e+01
2.742830896377563477e+01
2.795415496826171875e+01
2.847960686683654785e+01
2.900470876693725586e+01
2.953146600723266602e+01
3.005559873580932617e+01
3.057825684547424316e+01
3.110325574874877930e+01
3.162510585784912109e+01
3.214642477035522461e+01
3.267123198509216309e+01
3.318780493736267090e+01
3.371173977851867676e+01
3.423839783668518066e+01
3.476567602157592773e+01
3.529247570037841797e+01
3.581638765335083008e+01
3.634196090698242188e+01
3.686855769157409668e+01
3.740119481086730957e+01
3.792621374130249023e+01
3.845124983787536621e+01
3.897657704353332520e+01
3.950495576858520508e+01
4.002413177490234375e+01
4.054723787307739258e+01
4.107338190078735352e+01
4.159736871719360352e+01
4.212129783630371094e+01
4.264532566070556641e+01
4.316744399070739746e+01
4.368733382225036621e+01
4.421109485626220703e+01
4.473650479316711426e+01
4.525844192504882812e+01
4.578278970718383789e+01
4.630839276313781738e+01
4.683071589469909668e+01
4.735662174224853516e+01
4.788232779502868652e+01
4.840850472450256348e+01
4.893213677406311035e+01
4.945755481719970703e+01
4.997944879531860352e+01
5.050193977355957031e+01
5.102798795700073242e+01
5.155868697166442871e+01
5.208628773689270020e+01
5.261238884925842285e+01
5.313936686515808105e+01
5.366045165061950684e+01
5.417993974685668945e+01
5.470365786552429199e+01
5.523160386085510254e+01
5.575502681732177734e+01
5.628089594841003418e+01
5.680506396293640137e+01
5.732602190971374512e+01
5.784791588783264160e+01
5.836985802650451660e+01
5.889495396614074707e+01
5.942025089263916016e+01
5.994262981414794922e+01
6.047202777862548828e+01
6.099884891510009766e+01
6.152487492561340332e+01
6.205223083496093750e+01
6.257618975639343262e+01
6.310548472404479980e+01
6.363114190101623535e+01
6.415842485427856445e+01
6.468233871459960938e+01
6.521358776092529297e+01
6.574050879478454590e+01
6.626712179183959961e+01
6.678969478607177734e+01
6.731032395362854004e+01
6.783628678321838379e+01
6.835958075523376465e+01
6.888168692588806152e+01
6.940719676017761230e+01
6.992893385887145996e+01
7.045046496391296387e+01
7.097834372520446777e+01
7.150124788284301758e+01
7.203115963935852051e+01
7.255503582954406738e+01
7.307969570159912109e+01
7.360769271850585938e+01
7.412851667404174805e+01
7.465462589263916016e+01
7.518261766433715820e+01
7.570890974998474121e+01
7.623463487625122070e+01
7.675782394409179688e+01
7.728171277046203613e+01
7.780479097366333008e+01
7.832587695121765137e+01
7.885153198242187500e+01
7.937582898139953613e+01
7.990417981147766113e+01
8.043150687217712402e+01
8.095727896690368652e+01
8.148141789436340332e+01
8.200453186035156250e+01
8.252926683425903320e+01
8.305500078201293945e+01
8.358040761947631836e+01
8.410242080688476562e+01
8.462823605537414551e+01
8.515458202362060547e+01
8.565934896469116211e+01
8.618636178970336914e+01
8.671314573287963867e+01
8.724083304405212402e+01
8.776667189598083496e+01
8.829328894615173340e+01
8.882013678550720215e+01
8.934253692626953125e+01
8.986847782135009766e+01
9.039106202125549316e+01
9.091906690597534180e+01
9.144217872619628906e+01
9.195864772796630859e+01
9.248308467864990234e+01
9.300855588912963867e+01
9.353297567367553711e+01
9.405487585067749023e+01
9.457936787605285645e+01
9.510460472106933594e+01
9.563333177566528320e+01
9.615464878082275391e+01
9.667988181114196777e+01
9.720110487937927246e+01
9.772463679313659668e+01
9.825572776794433594e+01
9.878334164619445801e+01
9.930827593803405762e+01
9.983870172500610352e+01
1.003630328178405762e+02
1.008910048007965088e+02
1.014167068004608154e+02
1.019444279670715332e+02
1.024722747802734375e+02
1.029981558322906494e+02
1.035203008651733398e+02
1.040457646846771240e+02
1.045715529918670654e+02
1.050956158638000488e+02
1.056151838302612305e+02
1.061388018131256104e+02
1.066629188060760498e+02
1.071960177421569824e+02
1.077204098701477051e+02
1.082464158535003662e+02
1.087690658569335938e+02
1.092947158813476562e+02
1.098197770118713379e+02
1.103419837951660156e+02
1.108624887466430664e+02
1.113869156837463379e+02
1.119081087112426758e+02
1.124302327632904053e+02
1.129536418914794922e+02
1.134801836013793945e+02
1.140027897357940674e+02
1.145318629741668701e+02
1.150606207847595215e+02
1.155817179679870605e+02
1.161064648628234863e+02
1.166298508644104004e+02
1.171528639793395996e+02
1.176763000488281250e+02
1.181983847618103027e+02
1.187210197448730469e+02
1.192458119392395020e+02
1.197679207324981689e+02
1.202952020168304443e+02
1.208217389583587646e+02
1.213443546295166016e+02
1.218680708408355713e+02
1.223917770385742188e+02
1.229141287803649902e+02
1.234410598278045654e+02
1.239625668525695801e+02
1.244861156940460205e+02
1.250064718723297119e+02
1.255327858924865723e+02
1.260552330017089844e+02
1.265796179771423340e+02
1.271046409606933594e+02
1.276334619522094727e+02
1.281615307331085205e+02
1.286859457492828369e+02
1.292132170200347900e+02
1.297414200305938721e+02
1.302705028057098389e+02
1.307959008216857910e+02
1.313200128078460693e+02
1.318395397663116455e+02
1.323684427738189697e+02
1.328934268951416016e+02
1.334186408519744873e+02
1.339506926536560059e+02
1.344776329994201660e+02
1.350033757686614990e+02
1.355289516448974609e+02
1.361097848415374756e+02
1.366425206661224365e+02
1.371913306713104248e+02
1.377303066253662109e+02
1.382594349384307861e+02
1.387840178012847900e+02
1.393073837757110596e+02
1.398301188945770264e+02
1.403491756916046143e+02
1.408793206214904785e+02
1.414044828414916992e+02
1.419308106899261475e+02
1.424540627002716064e+02
1.429760758876800537e+02
1.435035088062286377e+02
1.440276479721069336e+02
1.445667488574981689e+02
1.450923788547515869e+02
1.456187288761138916e+02
1.461510488986968994e+02
1.466777846813201904e+02
1.472062458992004395e+02
1.477294757366180420e+02
1.482595558166503906e+02
1.487857940196990967e+02
1.493221487998962402e+02
1.500396447181701660e+02
1.506252737045288086e+02
1.511607060432434082e+02
1.516951758861541748e+02
1.522247378826141357e+02
1.527567608356475830e+02
1.532897846698760986e+02
1.538102738857269287e+02
1.543437507152557373e+02
1.548825118541717529e+02
1.554161117076873779e+02
1.559441359043121338e+02
1.564743869304656982e+02
1.570035948753356934e+02
1.575233097076416016e+02
1.580521306991577148e+02
1.585768008232116699e+02
1.591102867126464844e+02
1.596379117965698242e+02
1.601586968898773193e+02
1.607022206783294678e+02
1.612326159477233887e+02
1.617648808956146240e+02
1.622985877990722656e+02
1.628308017253875732e+02
1.633621687889099121e+02
1.638962078094482422e+02
1.644251997470855713e+02
1.649617919921875000e+02
1.654985878467559814e+02
1.660344388484954834e+02
1.665697417259216309e+02
1.673034658432006836e+02
1.678720877170562744e+02
1.684950089454650879e+02
1.690071659088134766e+02
1.695462808609008789e+02
1.701798238754272461e+02
1.707783489227294922e+02
1.713330538272857666e+02
1.718960168361663818e+02
1.724532427787780762e+02
1.729991159439086914e+02
1.736135590076446533e+02
1.742179508209228516e+02
1.747549707889556885e+02
1.753045399188995361e+02
1.758453228473663330e+02
1.763796217441558838e+02
1.769167768955230713e+02
1.774548428058624268e+02
1.779919307231903076e+02
1.785292358398437500e+02
1.790722386837005615e+02
1.796143667697906494e+02
1.801403038501739502e+02
1.806805267333984375e+02
1.812244117259979248e+02
1.817697398662567139e+02
1.823220198154449463e+02
1.828798279762268066e+02
1.834281699657440186e+02
1.840858778953552246e+02
1.846275038719177246e+02
1.851553318500518799e+02
1.857907419204711914e+02
1.863349847793579102e+02
1.868942499160766602e+02
1.875287048816680908e+02
1.880666737556457520e+02
1.886396098136901855e+02
1.892206158638000488e+02
1.897500679492950439e+02
1.903129746913909912e+02
1.908405649662017822e+02
1.913981256484985352e+02
1.919814188480377197e+02
1.925428106784820557e+02
1.930740878582000732e+02
1.936692259311676025e+02
1.942159438133239746e+02
1.947800347805023193e+02
1.953056929111480713e+02
1.958527867794036865e+02
1.964903607368469238e+02
1.970354907512664795e+02
1.976001038551330566e+02
1.981793737411499023e+02
1.987472777366638184e+02
1.993801398277282715e+02
1.999284749031066895e+02
2.004643278121948242e+02
2.010031368732452393e+02
2.015650627613067627e+02
2.021413829326629639e+02
2.026786019802093506e+02
2.032663738727569580e+02
2.038054487705230713e+02
2.043304188251495361e+02
2.048559176921844482e+02
2.053801517486572266e+02
2.059034328460693359e+02
2.064358108043670654e+02
2.069591317176818848e+02
2.074852068424224854e+02
2.080093758106231689e+02
2.085351979732513428e+02
2.090621478557586670e+02
2.095849108695983887e+02
2.101204028129577637e+02
2.106485209465026855e+02
2.111792986392974854e+02
2.117122218608856201e+02
2.122879569530487061e+02
2.128879790306091309e+02
2.134342567920684814e+02
2.140166609287261963e+02
2.145559947490692139e+02
2.151199579238891602e+02
2.156595938205718994e+02
2.161919128894805908e+02
2.167235538959503174e+02
2.172466127872467041e+02
2.177782049179077148e+02
2.183072676658630371e+02
2.188354449272155762e+02
2.193901858329772949e+02
2.199279527664184570e+02
2.204930558204650879e+02
2.210269277095794678e+02
2.215696387290954590e+02
2.221640210151672363e+02
2.226966137886047363e+02
2.233264429569244385e+02
2.238635878562927246e+02
2.244863698482513428e+02
2.250224649906158447e+02
2.255550327301025391e+02
2.261106948852539062e+02
2.266490018367767334e+02
2.272676699161529541e+02
2.278245639801025391e+02
2.283530318737030029e+02
2.289704508781433105e+02
2.295300648212432861e+02
2.300979628562927246e+02
2.306460478305816650e+02
2.312448508739471436e+02
2.317889819145202637e+02
2.324144177436828613e+02
2.329543197154998779e+02
2.335562317371368408e+02
2.340893676280975342e+02
2.346682507991790771e+02
2.352397587299346924e+02
2.358164727687835693e+02
2.363723959922790527e+02
2.369074218273162842e+02
2.374401118755340576e+02
2.379757156372070312e+02
2.385283687114715576e+02
2.390696539878845215e+02
2.396218397617340088e+02
2.401949367523193359e+02
2.407342457771301270e+02
2.412598538398742676e+02
2.417877488136291504e+02
2.423185877799987793e+02
2.428437929153442383e+02
2.433689458370208740e+02
2.439033689498901367e+02
2.444801347255706787e+02
2.450436599254608154e+02
2.455769758224487305e+02
2.461530706882476807e+02
2.467148127555847168e+02
2.472351937294006348e+02
2.477741189002990723e+02
2.483144218921661377e+02
2.489538369178771973e+02
2.494931497573852539e+02
2.500622508525848389e+02
2.507036616802215576e+02
2.513014369010925293e+02
2.518737008571624756e+02
2.524179446697235107e+02
2.529644370079040527e+02
2.535580258369445801e+02
2.541072177886962891e+02
2.546631557941436768e+02
2.552004768848419189e+02
2.557307677268981934e+02
2.562400078773498535e+02
2.567727596759796143e+02
2.573052856922149658e+02
2.578240237236022949e+02
2.583498847484588623e+02
2.588837368488311768e+02
2.594343707561492920e+02
2.599705538749694824e+02
2.605040397644042969e+02
2.610304896831512451e+02
2.615615890026092529e+02
2.620946369171142578e+02
2.626144118309020996e+02
2.631423900127410889e+02
2.636718037128448486e+02
2.642015707492828369e+02
2.647420637607574463e+02
2.652768847942352295e+02
2.658704319000244141e+02
2.664464058876037598e+02
2.670005037784576416e+02
2.675491998195648193e+02
2.680955698490142822e+02
2.686643607616424561e+02
2.692705609798431396e+02
2.698710927963256836e+02
2.704572618007659912e+02
2.710097608566284180e+02
2.715532588958740234e+02
2.721179208755493164e+02
2.726744649410247803e+02
2.732567260265350342e+02
2.738554427623748779e+02
2.743989088535308838e+02
2.749731948375701904e+02
2.755238788127899170e+02
2.760700747966766357e+02
2.766167218685150146e+02
2.771591417789459229e+02
2.777440788745880127e+02
2.782858936786651611e+02
2.788356187343597412e+02
2.794135339260101318e+02
2.799675319194793701e+02
2.805105557441711426e+02
2.810677938461303711e+02
2.816132826805114746e+02
2.821631579399108887e+02
2.827174768447875977e+02
2.834878966808319092e+02
2.840444259643554688e+02
2.846152870655059814e+02
2.851585988998413086e+02
2.857151668071746826e+02
2.862937679290771484e+02
2.868988180160522461e+02
2.875373497009277344e+02
2.880700168609619141e+02
2.886894679069519043e+02
2.892584340572357178e+02
2.899068207740783691e+02
2.905069508552551270e+02
2.911187117099761963e+02
2.916691668033599854e+02
2.922269906997680664e+02
2.927899949550628662e+02
2.933401098251342773e+02
2.938979327678680420e+02
2.944706747531890869e+02
2.950600018501281738e+02
2.956358180046081543e+02
2.961797327995300293e+02
2.967923378944396973e+02
2.973305788040161133e+02
2.978745887279510498e+02
2.984245178699493408e+02
2.989689648151397705e+02
2.995174179077148438e+02
3.000621507167816162e+02
3.006100280284881592e+02
3.011504518985748291e+02
3.016914098262786865e+02
3.022342100143432617e+02
3.027802028656005859e+02
3.033667178153991699e+02
3.039993777275085449e+02
3.045937008857727051e+02
3.051919097900390625e+02
3.057253937721252441e+02
3.062661199569702148e+02
3.068106029033660889e+02
3.074307088851928711e+02
3.080030367374420166e+02
3.085490617752075195e+02
3.091026077270507812e+02
3.096533088684082031e+02
3.101977458000183105e+02
3.107344477176666260e+02
3.112600088119506836e+02
3.118080687522888184e+02
3.123718998432159424e+02
3.129112937450408936e+02
3.134479858875274658e+02
3.140119066238403320e+02
3.146029989719390869e+02
3.151412968635559082e+02
3.156837158203125000e+02
3.162549357414245605e+02
3.167954287528991699e+02
3.173605349063873291e+02
3.179377038478851318e+02
3.184739098548889160e+02
3.191575877666473389e+02
3.196930477619171143e+02
3.202182168960571289e+02
3.208391098976135254e+02
3.213738658428192139e+02
3.219459037780761719e+02
3.224754939079284668e+02
3.230056397914886475e+02
3.235560567378997803e+02
3.241325099468231201e+02
3.246673457622528076e+02
3.253023478984832764e+02
3.259672358036041260e+02
3.265666067600250244e+02
3.271651618480682373e+02
3.277124149799346924e+02
3.283372018337249756e+02
3.288966338634490967e+02
3.294380278587341309e+02
3.299698739051818848e+02
3.305108957290649414e+02
3.311022930145263672e+02
3.316581509113311768e+02
3.321961846351623535e+02
3.328991048336029053e+02
3.334707968235015869e+02
3.340151927471160889e+02
3.345733649730682373e+02
3.351812107563018799e+02
3.357448120117187500e+02
3.362956919670104980e+02
3.368382787704467773e+02
3.373889720439910889e+02
3.379572389125823975e+02
3.385320019721984863e+02
3.391310739517211914e+02
3.396733508110046387e+02
3.402146267890930176e+02
3.407414948940277100e+02
3.412658758163452148e+02
3.418157398700714111e+02
3.423476297855377197e+02
3.428811609745025635e+02
3.434439437389373779e+02
3.439736938476562500e+02
3.444832587242126465e+02
3.450079648494720459e+02
3.455355639457702637e+02
3.460630919933319092e+02
3.465877778530120850e+02
3.471168389320373535e+02
3.477467308044433594e+02
3.482836737632751465e+02
3.488207948207855225e+02
3.493486368656158447e+02
3.498735628128051758e+02
3.503999128341674805e+02
3.509293596744537354e+02
3.515247747898101807e+02
3.520567269325256348e+02
3.526197769641876221e+02
3.531523067951202393e+02
3.537250266075134277e+02
3.542504177093505859e+02
3.547898838520050049e+02
3.553283138275146484e+02
3.558839497566223145e+02
3.564400289058685303e+02
3.570224068164825439e+02
3.575800328254699707e+02
3.581475248336791992e+02
3.586966238021850586e+02
3.592531919479370117e+02
3.598189697265625000e+02
3.603590567111968994e+02
3.609185516834259033e+02
3.614500458240509033e+02
3.619791386127471924e+02
3.625128409862518311e+02
3.630371699333190918e+02
3.635633866786956787e+02
3.640909047126770020e+02
3.646133356094360352e+02
3.651391637325286865e+02
3.656652617454528809e+02
3.661888368129730225e+02
3.667174189090728760e+02
3.672324106693267822e+02
3.677551848888397217e+02
3.682780787944793701e+02
3.688110728263854980e+02
3.693334338665008545e+02
3.698598546981811523e+02
3.703917486667633057e+02
3.709277639389038086e+02
3.714543087482452393e+02
3.719861907958984375e+02
3.725205056667327881e+02
3.730529689788818359e+02
3.736056237220764160e+02
3.741855528354644775e+02
3.747179248332977295e+02
3.752676758766174316e+02
3.758032588958740234e+02
3.763429627418518066e+02
3.768849508762359619e+02
3.774294400215148926e+02
3.779889948368072510e+02
3.785748138427734375e+02
3.791175029277801514e+02
3.796663160324096680e+02
3.802100648880004883e+02
3.807821648120880127e+02
3.813283698558807373e+02
3.819884037971496582e+02
3.825440549850463867e+02
3.830874140262603760e+02
3.836920146942138672e+02
3.842444767951965332e+02
3.848497819900512695e+02
3.854364187717437744e+02
3.860049967765808105e+02
3.865757648944854736e+02
3.871378927230834961e+02
3.876816058158874512e+02
3.882311029434204102e+02
3.887751417160034180e+02
3.893291819095611572e+02
3.898781576156616211e+02
3.904158847332000732e+02
3.909436306953430176e+02
3.915256748199462891e+02
3.921231186389923096e+02
3.927081139087677002e+02
3.932540848255157471e+02
3.938216130733489990e+02
3.943674428462982178e+02
3.948975608348846436e+02
3.954483437538146973e+02
3.960120468139648438e+02
3.965687139034271240e+02
3.971045467853546143e+02
3.976683399677276611e+02
3.982128617763519287e+02
3.987771749496459961e+02
3.993599369525909424e+02
3.999011728763580322e+02
4.004256067276000977e+02
4.009555778503417969e+02
4.015811409950256348e+02
4.021401898860931396e+02
4.026710698604583740e+02
4.032007758617401123e+02
4.037277350425720215e+02
4.042539329528808594e+02
4.047827808856964111e+02
4.053076488971710205e+02
4.058373439311981201e+02
4.063634839057922363e+02
4.068851387500762939e+02
4.074221849441528320e+02
4.079531078338623047e+02
4.084894907474517822e+02
4.090409567356109619e+02
4.095903170108795166e+02
4.101191239356994629e+02
4.106635959148406982e+02
4.112084848880767822e+02
4.117475697994232178e+02
4.122778859138488770e+02
4.128405478000640869e+02
4.133723218441009521e+02
4.139008378982543945e+02
4.144302856922149658e+02
4.149737548828125000e+02
4.155142967700958252e+02
4.160680639743804932e+02
4.166379137039184570e+02
4.171875479221343994e+02
4.177270188331604004e+02
4.182616968154907227e+02
4.188212516307830811e+02
4.193486337661743164e+02
4.198779318332672119e+02
4.204085378646850586e+02
4.210222399234771729e+02
4.215750210285186768e+02
4.222074248790740967e+02
4.227525868415832520e+02
4.232840497493743896e+02
4.238795907497406006e+02
4.245057027339935303e+02
4.250278928279876709e+02
4.255532248020172119e+02
4.260812070369720459e+02
4.266130077838897705e+02
4.272211408615112305e+02
4.277523529529571533e+02
4.283778259754180908e+02
4.289031639099121094e+02
4.294362087249755859e+02
4.300510556697845459e+02
4.306325817108154297e+02
4.311814877986907959e+02
4.317880928516387939e+02
4.323435308933258057e+02
4.329063527584075928e+02
4.334682648181915283e+02
4.340511548519134521e+02
4.345765037536621094e+02
4.351102628707885742e+02
4.356415119171142578e+02
4.361716947555541992e+02
4.367009677886962891e+02
4.372264850139617920e+02
4.377545547485351562e+02
4.383296368122100830e+02
4.389521379470825195e+02
4.394809830188751221e+02
4.400314266681671143e+02
4.406572899818420410e+02
4.412231898307800293e+02
4.417943580150604248e+02
4.423366730213165283e+02
4.428809499740600586e+02
4.434571788311004639e+02
4.440094106197357178e+02
4.445485568046569824e+02
4.450867538452148438e+02
4.456372547149658203e+02
4.461769196987152100e+02
4.467284908294677734e+02
4.472892947196960449e+02
4.478288087844848633e+02
4.483920087814331055e+02
4.490681049823760986e+02
4.496051976680755615e+02
4.501630809307098389e+02
4.507236318588256836e+02
4.513282847404479980e+02
4.518814537525177002e+02
4.524477207660675049e+02
4.531085786819458008e+02
4.536827318668365479e+02
4.543421759605407715e+02
4.548834629058837891e+02
4.554447908401489258e+02
4.559860589504241943e+02
4.565332298278808594e+02
4.571156678199768066e+02
4.576737599372863770e+02
4.582148818969726562e+02
4.587683000564575195e+02
4.593166966438293457e+02
4.599503529071807861e+02
4.605130958557128906e+02
4.610544357299804688e+02
4.617062556743621826e+02
4.622638688087463379e+02
4.628055827617645264e+02
4.633420059680938721e+02
4.638725018501281738e+02
4.643972318172454834e+02
4.650071129798889160e+02
4.655631496906280518e+02
4.660999999046325684e+02
4.667045247554779053e+02
4.673058648109436035e+02
4.678622016906738281e+02
4.684051437377929688e+02
4.689411509037017822e+02
4.694989409446716309e+02
4.700716159343719482e+02
4.706124107837677002e+02
4.712001206874847412e+02
4.717974116802215576e+02
4.723422398567199707e+02
4.729929537773132324e+02
4.735422377586364746e+02
4.741312530040740967e+02
4.747276039123535156e+02
4.752661650180816650e+02
4.758029677867889404e+02
4.765356087684631348e+02
4.770839188098907471e+02
4.776219646930694580e+02
4.781648619174957275e+02
4.787029886245727539e+02
4.792390446662902832e+02
4.797758357524871826e+02
4.803993117809295654e+02
4.809574167728424072e+02
4.815103707313537598e+02
4.821399447917938232e+02
4.826779320240020752e+02
4.832120456695556641e+02
4.837533109188079834e+02
4.842942168712615967e+02
4.848291478157043457e+02
4.854314618110656738e+02
4.860166938304901123e+02
4.865685670375823975e+02
4.872090768814086914e+02
4.878079206943511963e+02
4.883427860736846924e+02
4.889491739273071289e+02
4.895088348388671875e+02
4.900992407798767090e+02
4.906542568206787109e+02
4.911988956928253174e+02
4.917292809486389160e+02
4.922752208709716797e+02
4.928115136623382568e+02
4.933475346565246582e+02
4.938829927444458008e+02
4.944335129261016846e+02
4.949607348442077637e+02
4.954798619747161865e+02
4.960078997611999512e+02
4.965413477420806885e+02
4.970689468383789062e+02
4.975985598564147949e+02
4.981287038326263428e+02
4.986577436923980713e+02
4.991876637935638428e+02
4.997128119468688965e+02
5.002390809059143066e+02
5.007648148536682129e+02
5.012994349002838135e+02
5.018407847881317139e+02
5.023850388526916504e+02
5.029338669776916504e+02
5.034717047214508057e+02
5.040135788917541504e+02
5.045492498874664307e+02
5.050727429389953613e+02
5.056009328365325928e+02
5.061406729221343994e+02
5.066821067333221436e+02
5.072187218666076660e+02
5.077622687816619873e+02
5.082941188812255859e+02
5.088261377811431885e+02
5.093816218376159668e+02
5.099090259075164795e+02
5.104626319408416748e+02
5.110043838024139404e+02
5.115403418540954590e+02
5.120846588611602783e+02
5.127137668132781982e+02
5.132774200439453125e+02
5.138164269924163818e+02
5.143824558258056641e+02
5.149277029037475586e+02
5.155284717082977295e+02
5.160912947654724121e+02
5.166690847873687744e+02
5.172123699188232422e+02
5.177589907646179199e+02
5.182831637859344482e+02
5.188332316875457764e+02
5.193716447353363037e+02
5.199200358390808105e+02
5.204811298847198486e+02
5.210194497108459473e+02
5.215975649356842041e+02
5.221914088726043701e+02
5.228072378635406494e+02
5.233365356922149658e+02
5.238824248313903809e+02
5.244213507175445557e+02
5.249638757705688477e+02
5.254987540245056152e+02
5.260333497524261475e+02
5.265645565986633301e+02
5.271115748882293701e+02
5.277134199142456055e+02
5.282623059749603271e+02
5.288015186786651611e+02
5.293463327884674072e+02
5.298750338554382324e+02
5.304221990108489990e+02
5.309462888240814209e+02
5.314745976924896240e+02
5.320085427761077881e+02
5.326420748233795166e+02
5.332085697650909424e+02
5.337532169818878174e+02
5.343254919052124023e+02
5.349270257949829102e+02
5.354499008655548096e+02
5.359646127223968506e+02
5.365064330101013184e+02
5.370483467578887939e+02
5.375878558158874512e+02
5.381059656143188477e+02
5.386350998878479004e+02
5.391621727943420410e+02
5.396960618495941162e+02
5.402306928634643555e+02
5.407610266208648682e+02
5.413404920101165771e+02
5.418764820098876953e+02
5.425027866363525391e+02
5.431312487125396729e+02
5.436826858520507812e+02
5.442385647296905518e+02
5.448310446739196777e+02
5.453741996288299561e+02
5.459592828750610352e+02
5.464836280345916748e+02
5.470461318492889404e+02
5.475627858638763428e+02
5.481103518009185791e+02
5.486539568901062012e+02
5.491866438388824463e+02
5.498370099067687988e+02
5.503785939216613770e+02
