1.590475732290326118e+09
1.590475732291177988e+09
1.590475732970932961e+09
1.590475732971426964e+09
1.590475733407045841e+09
1.590475733407535076e+09
1.590475733640338898e+09
1.590475733640933990e+09
1.590475734103511095e+09
1.590475734103988886e+09
1.590475734339230061e+09
1.590475734339971066e+09
1.590475734581425905e+09
1.590475734582785130e+09
1.590475735166429996e+09
1.590475735166934013e+09
1.590475735410624981e+09
1.590475735411661148e+09
1.590475735876454830e+09
1.590475735876954794e+09
1.590475736116770029e+09
1.590475736117808819e+09
1.590475736358936071e+09
1.590475736359270811e+09
1.590475736837759018e+09
1.590475736838135958e+09
1.590475737075113058e+09
1.590475737076239109e+09
1.590475737549715996e+09
1.590475737551227808e+09
1.590475737989829779e+09
1.590475737990249872e+09
1.590475738478559971e+09
1.590475738479153872e+09
1.590475738714493990e+09
1.590475738715440035e+09
1.590475739244488001e+09
1.590475739245185137e+09
1.590475739690192938e+09
1.590475739690613985e+09
1.590475739924787998e+09
1.590475739926305056e+09
1.590475740501314163e+09
1.590475740501914978e+09
1.590475740962336063e+09
1.590475740962605000e+09
1.590475741193054914e+09
1.590475741193598986e+09
1.590475741633333921e+09
1.590475741633734941e+09
1.590475742071497917e+09
1.590475742071801186e+09
1.590475742513584137e+09
1.590475742514167070e+09
1.590475742752418995e+09
1.590475742753935814e+09
1.590475743211829901e+09
1.590475743212615967e+09
1.590475743668645859e+09
1.590475743669238091e+09
1.590475743906757832e+09
1.590475743907386065e+09
1.590475744366890907e+09
1.590475744367480993e+09
1.590475744818511963e+09
1.590475744818891048e+09
1.590475745051498890e+09
1.590475745052083015e+09
1.590475745521584034e+09
1.590475745521892071e+09
1.590475745971642971e+09
1.590475745972044945e+09
1.590475746412214041e+09
1.590475746412655115e+09
1.590475746650897980e+09
1.590475746652686119e+09
1.590475747107084990e+09
1.590475747107496023e+09
1.590475747342112064e+09
1.590475747342735052e+09
1.590475747583652020e+09
1.590475747584754944e+09
1.590475748055951834e+09
1.590475748056505203e+09
1.590475748294001818e+09
1.590475748294976950e+09
1.590475748541748047e+09
1.590475748542626143e+09
1.590475748793572187e+09
1.590475748794775963e+09
1.590475749250644922e+09
1.590475749251024961e+09
1.590475749487394094e+09
1.590475749488456011e+09
1.590475749729362965e+09
1.590475749730395794e+09
1.590475749972421169e+09
1.590475749973674059e+09
1.590475750214962006e+09
1.590475750215914965e+09
1.590475750653114080e+09
1.590475750653598070e+09
1.590475750883557081e+09
1.590475750884473085e+09
1.590475751127361059e+09
1.590475751128237963e+09
1.590475751365036011e+09
1.590475751365816116e+09
1.590475751808959007e+09
1.590475751809383869e+09
1.590475752044505119e+09
1.590475752045346022e+09
1.590475752286221981e+09
1.590475752286756039e+09
1.590475752526209116e+09
1.590475752527122974e+09
1.590475752772300005e+09
1.590475752773030996e+09
1.590475753220851898e+09
1.590475753221585989e+09
1.590475753452137947e+09
1.590475753452688932e+09
1.590475753694058895e+09
1.590475753695011139e+09
1.590475753936141014e+09
1.590475753937290907e+09
1.590475754186773062e+09
1.590475754187852144e+09
1.590475754429824114e+09
1.590475754431076050e+09
1.590475754879446983e+09
1.590475754879889011e+09
1.590475755112763882e+09
1.590475755113333941e+09
1.590475755351455927e+09
1.590475755352520943e+09
1.590475755593474150e+09
1.590475755594213963e+09
1.590475755837741137e+09
1.590475755838607788e+09
1.590475756295059919e+09
1.590475756295514822e+09
1.590475756533695936e+09
1.590475756534754992e+09
1.590475756775815010e+09
1.590475756776634932e+09
1.590475757014282942e+09
1.590475757015920162e+09
1.590475757261047125e+09
1.590475757262099981e+09
1.590475757501509905e+09
1.590475757502482891e+09
1.590475757941690922e+09
1.590475757942084074e+09
1.590475758174898863e+09
1.590475758175835848e+09
1.590475758416127920e+09
1.590475758417577982e+09
1.590475758661675930e+09
1.590475758662456989e+09
1.590475758899045229e+09
1.590475758899686813e+09
1.590475759135706902e+09
1.590475759136234045e+09
1.590475759598809004e+09
1.590475759599272013e+09
1.590475759838335037e+09
1.590475759839370012e+09
1.590475760079596043e+09
1.590475760080634117e+09
1.590475760327595949e+09
1.590475760328480959e+09
1.590475760569881201e+09
1.590475760570531130e+09
1.590475761015716076e+09
1.590475761016124010e+09
1.590475761251682043e+09
1.590475761252699852e+09
1.590475761496159077e+09
1.590475761497122049e+09
1.590475761737430096e+09
1.590475761738178015e+09
1.590475761977064848e+09
1.590475761978612900e+09
1.590475762222080946e+09
1.590475762223312855e+09
1.590475762675343037e+09
1.590475762675779104e+09
1.590475762907568216e+09
1.590475762908196211e+09
1.590475763147073984e+09
1.590475763147478104e+09
1.590475763386309862e+09
1.590475763387099981e+09
1.590475763628194094e+09
1.590475763629413843e+09
1.590475764082469940e+09
1.590475764082906961e+09
1.590475764317381144e+09
1.590475764318158150e+09
