3.772020339965820312e-03
1.425027847290039062e-03
3.021001815795898438e-03
2.241134643554687500e-03
2.177000045776367188e-03
1.591920852661132812e-03
2.185106277465820312e-03
1.302957534790039062e-03
2.912044525146484375e-03
2.038002014160156250e-03
1.389980316162109375e-03
2.282142639160156250e-03
1.479864120483398438e-03
2.564907073974609375e-03
2.079010009765625000e-03
2.511978149414062500e-03
2.706050872802734375e-03
2.865791320800781250e-03
1.888036727905273438e-03
2.832174301147460938e-03
2.472877502441406250e-03
2.507686614990234375e-03
2.699136734008789062e-03
2.489805221557617188e-03
1.914262771606445312e-03
2.471208572387695312e-03
2.493143081665039062e-03
2.557992935180664062e-03
2.722978591918945312e-03
2.525091171264648438e-03
2.094030380249023438e-03
2.688646316528320312e-03
2.482891082763671875e-03
2.550125122070312500e-03
2.611875534057617188e-03
2.586126327514648438e-03
2.543210983276367188e-03
2.666950225830078125e-03
2.246141433715820312e-03
2.524137496948242188e-03
2.302169799804687500e-03
2.588033676147460938e-03
2.483129501342773438e-03
2.233028411865234375e-03
2.573013305664062500e-03
2.410411834716796875e-03
2.653837203979492188e-03
2.509117126464843750e-03
1.620054244995117188e-03
2.789258956909179688e-03
1.199007034301757812e-03
2.027034759521484375e-03
1.667976379394531250e-03
2.542018890380859375e-03
1.897811889648437500e-03
2.167224884033203125e-03
1.332998275756835938e-03
1.693010330200195312e-03
1.715898513793945312e-03
2.777814865112304688e-03
2.302169799804687500e-03
1.810312271118164062e-03
3.016948699951171875e-03
1.368045806884765625e-03
2.729892730712890625e-03
1.872777938842773438e-03
1.611948013305664062e-03
2.877950668334960938e-03
2.330780029296875000e-03
2.513885498046875000e-03
1.468896865844726562e-03
1.413106918334960938e-03
1.646757125854492188e-03
1.883745193481445312e-03
2.093076705932617188e-03
2.844333648681640625e-03
2.172946929931640625e-03
1.289844512939453125e-03
2.675056457519531250e-03
1.851797103881835938e-03
2.053737640380859375e-03
1.328229904174804688e-03
1.518011093139648438e-03
1.797914505004882812e-03
1.142024993896484375e-03
1.798152923583984375e-03
2.712965011596679688e-03
1.248121261596679688e-03
1.629829406738281250e-03
1.210212707519531250e-03
1.942873001098632812e-03
1.842975616455078125e-03
1.495122909545898438e-03
2.586126327514648438e-03
1.358032226562500000e-03
2.619028091430664062e-03
2.638101577758789062e-03
1.989126205444335938e-03
9.887218475341796875e-04
1.272916793823242188e-03
2.466678619384765625e-03
2.697944641113281250e-03
1.447916030883789062e-03
2.775192260742187500e-03
1.507282257080078125e-03
1.785993576049804688e-03
1.765012741088867188e-03
1.885175704956054688e-03
1.101255416870117188e-03
1.163005828857421875e-03
2.110958099365234375e-03
2.197027206420898438e-03
1.192808151245117188e-03
1.726865768432617188e-03
2.607107162475585938e-03
2.544879913330078125e-03
1.161813735961914062e-03
1.582860946655273438e-03
2.508163452148437500e-03
1.094102859497070312e-03
2.135038375854492188e-03
1.392841339111328125e-03
1.577854156494140625e-03
2.414941787719726562e-03
1.360177993774414062e-03
2.184867858886718750e-03
1.800775527954101562e-03
1.435756683349609375e-03
9.868144989013671875e-04
1.349210739135742188e-03
1.298904418945312500e-03
1.467943191528320312e-03
1.591205596923828125e-03
1.686096191406250000e-03
1.631975173950195312e-03
2.530097961425781250e-03
1.569032669067382812e-03
2.911090850830078125e-03
1.379013061523437500e-03
1.226902008056640625e-03
1.977205276489257812e-03
1.774072647094726562e-03
1.280069351196289062e-03
1.279115676879882812e-03
1.439094543457031250e-03
1.932144165039062500e-03
1.932859420776367188e-03
2.274036407470703125e-03
1.906156539916992188e-03
1.620292663574218750e-03
1.785039901733398438e-03
2.759218215942382812e-03
1.949071884155273438e-03
1.308917999267578125e-03
2.173900604248046875e-03
2.340078353881835938e-03
2.769947052001953125e-03
2.341270446777343750e-03
1.971960067749023438e-03
1.830101013183593750e-03
2.066850662231445312e-03
2.324104309082031250e-03
2.274751663208007812e-03
1.327037811279296875e-03
1.538753509521484375e-03
2.600908279418945312e-03
1.638889312744140625e-03
2.023935317993164062e-03
1.944065093994140625e-03
2.087831497192382812e-03
2.835035324096679688e-03
2.557754516601562500e-03
2.059936523437500000e-03
1.381158828735351562e-03
1.677036285400390625e-03
2.104997634887695312e-03
2.652883529663085938e-03
2.135038375854492188e-03
2.811193466186523438e-03
1.904964447021484375e-03
2.568006515502929688e-03
2.698898315429687500e-03
2.701759338378906250e-03
2.542018890380859375e-03
2.675056457519531250e-03
2.242803573608398438e-03
2.555131912231445312e-03
2.748012542724609375e-03
2.583026885986328125e-03
2.583265304565429688e-03
2.663135528564453125e-03
2.482891082763671875e-03
2.490997314453125000e-03
2.618074417114257812e-03
2.205133438110351562e-03
2.510070800781250000e-03
1.454114913940429688e-03
2.526998519897460938e-03
2.522230148315429688e-03
2.881765365600585938e-03
