2.973449230194091797e-01
3.580141067504882812e-01
3.690359592437744141e-01
1.739025115966796875e-03
1.495122909545898438e-03
1.410961151123046875e-03
1.634836196899414062e-03
1.944065093994140625e-03
2.199888229370117188e-03
2.291202545166015625e-03
1.961946487426757812e-03
2.599954605102539062e-03
1.878023147583007812e-03
1.743078231811523438e-03
1.713037490844726562e-03
1.438856124877929688e-03
1.374006271362304688e-03
1.362800598144531250e-03
1.442193984985351562e-03
1.415967941284179688e-03
1.392841339111328125e-03
1.952886581420898438e-03
1.617908477783203125e-03
1.472949981689453125e-03
1.525640487670898438e-03
1.970291137695312500e-03
1.852273941040039062e-03
2.060174942016601562e-03
1.703977584838867188e-03
1.496791839599609375e-03
1.655817031860351562e-03
1.463651657104492188e-03
1.483201980590820312e-03
1.161098480224609375e-03
1.124143600463867188e-03
1.270055770874023438e-03
1.521110534667968750e-03
1.369953155517578125e-03
1.458406448364257812e-03
2.297163009643554688e-03
2.043008804321289062e-03
4.082202911376953125e-03
2.017021179199218750e-03
2.191305160522460938e-03
2.461910247802734375e-03
2.149820327758789062e-03
1.953840255737304688e-03
1.864194869995117188e-03
2.363204956054687500e-03
2.155065536499023438e-03
1.770973205566406250e-03
2.190113067626953125e-03
2.075195312500000000e-03
1.936197280883789062e-03
2.081155776977539062e-03
1.536130905151367188e-03
1.296043395996093750e-03
1.833915710449218750e-03
1.536130905151367188e-03
1.498699188232421875e-03
2.057075500488281250e-03
1.798152923583984375e-03
1.813888549804687500e-03
1.561164855957031250e-03
1.506805419921875000e-03
1.261949539184570312e-03
2.099037170410156250e-03
1.840829849243164062e-03
1.776933670043945312e-03
2.173900604248046875e-03
1.904964447021484375e-03
1.816034317016601562e-03
2.152204513549804688e-03
1.829147338867187500e-03
1.655101776123046875e-03
1.853942871093750000e-03
2.032041549682617188e-03
1.572847366333007812e-03
2.123117446899414062e-03
1.748800277709960938e-03
1.677036285400390625e-03
2.138853073120117188e-03
1.883983612060546875e-03
1.766920089721679688e-03
2.270936965942382812e-03
1.967906951904296875e-03
1.718044281005859375e-03
1.876115798950195312e-03
1.652002334594726562e-03
1.821994781494140625e-03
2.238988876342773438e-03
1.945018768310546875e-03
1.747131347656250000e-03
1.500129699707031250e-03
1.478910446166992188e-03
1.261949539184570312e-03
2.140998840332031250e-03
1.916885375976562500e-03
1.897335052490234375e-03
2.007007598876953125e-03
1.845121383666992188e-03
1.734972000122070312e-03
2.094030380249023438e-03
1.829862594604492188e-03
1.687049865722656250e-03
2.084016799926757812e-03
1.780986785888671875e-03
1.773595809936523438e-03
2.124786376953125000e-03
1.850128173828125000e-03
1.826047897338867188e-03
2.176046371459960938e-03
1.918077468872070312e-03
1.659870147705078125e-03
2.537965774536132812e-03
2.384901046752929688e-03
2.043724060058593750e-03
1.861095428466796875e-03
1.739978790283203125e-03
1.721143722534179688e-03
2.185106277465820312e-03
1.934051513671875000e-03
1.750946044921875000e-03
1.718997955322265625e-03
1.367807388305664062e-03
1.281976699829101562e-03
1.986980438232421875e-03
1.722812652587890625e-03
1.860857009887695312e-03
2.304077148437500000e-03
2.017736434936523438e-03
1.755952835083007812e-03
1.965045928955078125e-03
2.180099487304687500e-03
2.207040786743164062e-03
2.167940139770507812e-03
1.918792724609375000e-03
1.747846603393554688e-03
2.259969711303710938e-03
1.967191696166992188e-03
1.680850982666015625e-03
2.138137817382812500e-03
1.730203628540039062e-03
1.772642135620117188e-03
2.131938934326171875e-03
1.770734786987304688e-03
1.785039901733398438e-03
1.511096954345703125e-03
1.462697982788085938e-03
1.528024673461914062e-03
1.624822616577148438e-03
1.879215240478515625e-03
1.703977584838867188e-03
1.430034637451171875e-03
1.336097717285156250e-03
1.444101333618164062e-03
1.621007919311523438e-03
1.462936401367187500e-03
1.469850540161132812e-03
2.177000045776367188e-03
1.766920089721679688e-03
2.011775970458984375e-03
2.096891403198242188e-03
1.803159713745117188e-03
1.778841018676757812e-03
1.592874526977539062e-03
1.534938812255859375e-03
1.476049423217773438e-03
1.573801040649414062e-03
1.427888870239257812e-03
1.554965972900390625e-03
1.580238342285156250e-03
1.374959945678710938e-03
1.326799392700195312e-03
1.420974731445312500e-03
1.313209533691406250e-03
1.384973526000976562e-03
2.057075500488281250e-03
1.672029495239257812e-03
1.519918441772460938e-03
2.413034439086914062e-03
1.624107360839843750e-03
1.478195190429687500e-03
1.506805419921875000e-03
1.382112503051757812e-03
1.069784164428710938e-03
1.496076583862304688e-03
1.848220825195312500e-03
2.146005630493164062e-03
1.929044723510742188e-03
2.311944961547851562e-03
2.181768417358398438e-03
2.804994583129882812e-03
2.916097640991210938e-03
2.718210220336914062e-03
2.005100250244140625e-03
2.027034759521484375e-03
1.792907714843750000e-03
1.944780349731445312e-03
2.764701843261718750e-03
2.295970916748046875e-03
2.862930297851562500e-03
2.999782562255859375e-03
3.093004226684570312e-03
2.345085144042968750e-03
2.571821212768554688e-03
2.187013626098632812e-03
3.389835357666015625e-03
2.470970153808593750e-03
3.376960754394531250e-03
2.206802368164062500e-03
2.218961715698242188e-03
1.895904541015625000e-03
1.432180404663085938e-03
1.226186752319335938e-03
1.125812530517578125e-03
1.426935195922851562e-03
1.379251480102539062e-03
1.374006271362304688e-03
1.816987991333007812e-03
1.501798629760742188e-03
1.568794250488281250e-03
3.804922103881835938e-03
3.378152847290039062e-03
2.397060394287109375e-03
1.713991165161132812e-03
1.359701156616210938e-03
1.382827758789062500e-03
2.094984054565429688e-03
2.174854278564453125e-03
2.093076705932617188e-03
1.908063888549804688e-03
2.387285232543945312e-03
2.337932586669921875e-03
2.169132232666015625e-03
2.609729766845703125e-03
2.458810806274414062e-03
2.356290817260742188e-03
2.213716506958007812e-03
2.743005752563476562e-03
1.621961593627929688e-03
1.441001892089843750e-03
1.519680023193359375e-03
1.453876495361328125e-03
1.333951950073242188e-03
1.174211502075195312e-03
1.441001892089843750e-03
1.366138458251953125e-03
1.305818557739257812e-03
1.370191574096679688e-03
1.346111297607421875e-03
1.529932022094726562e-03
2.007246017456054688e-03
1.564025878906250000e-03
1.585960388183593750e-03
1.543283462524414062e-03
1.482963562011718750e-03
2.369165420532226562e-03
1.636743545532226562e-03
1.603126525878906250e-03
1.911163330078125000e-03
1.737117767333984375e-03
1.467943191528320312e-03
1.465082168579101562e-03
3.015995025634765625e-03
2.573013305664062500e-03
2.240657806396484375e-03
1.383304595947265625e-03
1.421928405761718750e-03
1.501798629760742188e-03
1.385927200317382812e-03
1.281738281250000000e-03
1.182794570922851562e-03
1.608133316040039062e-03
1.477241516113281250e-03
1.303195953369140625e-03
2.540826797485351562e-03
2.167701721191406250e-03
1.540899276733398438e-03
1.673936843872070312e-03
1.592874526977539062e-03
1.358985900878906250e-03
2.351999282836914062e-03
1.993894577026367188e-03
1.865863800048828125e-03
1.415252685546875000e-03
1.281976699829101562e-03
1.284837722778320312e-03
2.288103103637695312e-03
2.028942108154296875e-03
1.851081848144531250e-03
2.402782440185546875e-03
2.470970153808593750e-03
1.956939697265625000e-03
3.332138061523437500e-03
3.651618957519531250e-03
3.117084503173828125e-03
1.109600067138671875e-03
1.057147979736328125e-03
1.029729843139648438e-03
1.550197601318359375e-03
1.922845840454101562e-03
1.869678497314453125e-03
1.239061355590820312e-03
1.113891601562500000e-03
1.398086547851562500e-03
1.866102218627929688e-03
1.666069030761718750e-03
1.866817474365234375e-03
1.782894134521484375e-03
1.576185226440429688e-03
1.369953155517578125e-03
2.686977386474609375e-03
2.945899963378906250e-03
2.441883087158203125e-03
1.645088195800781250e-03
1.465797424316406250e-03
1.544952392578125000e-03
1.921176910400390625e-03
1.828193664550781250e-03
1.645088195800781250e-03
1.775026321411132812e-03
1.630783081054687500e-03
1.621007919311523438e-03
1.969099044799804688e-03
1.409769058227539062e-03
1.367807388305664062e-03
1.590967178344726562e-03
1.828670501708984375e-03
1.763105392456054688e-03
1.347064971923828125e-03
1.451015472412109375e-03
1.549005508422851562e-03
1.842021942138671875e-03
1.729965209960937500e-03
1.996040344238281250e-03
1.866817474365234375e-03
1.672983169555664062e-03
2.256870269775390625e-03
1.312017440795898438e-03
1.232147216796875000e-03
1.171350479125976562e-03
1.404762268066406250e-03
1.520156860351562500e-03
1.734972000122070312e-03
2.417087554931640625e-03
2.222061157226562500e-03
2.157211303710937500e-03
1.910924911499023438e-03
2.706050872802734375e-03
3.978013992309570312e-03
1.662969589233398438e-03
1.961946487426757812e-03
1.262187957763671875e-03
1.522302627563476562e-03
1.768112182617187500e-03
1.521110534667968750e-03
2.370834350585937500e-03
2.063751220703125000e-03
1.934051513671875000e-03
1.269102096557617188e-03
1.354932785034179688e-03
1.463174819946289062e-03
1.507759094238281250e-03
1.300811767578125000e-03
1.324176788330078125e-03
1.666069030761718750e-03
2.393722534179687500e-03
3.058910369873046875e-03
2.079963684082031250e-03
2.687931060791015625e-03
2.613067626953125000e-03
2.265930175781250000e-03
2.122163772583007812e-03
1.646041870117187500e-03
2.891063690185546875e-03
2.780199050903320312e-03
2.014160156250000000e-03
1.549959182739257812e-03
1.477003097534179688e-03
1.883983612060546875e-03
1.952171325683593750e-03
2.147197723388671875e-03
2.295970916748046875e-03
3.092050552368164062e-03
2.817630767822265625e-03
2.252817153930664062e-03
1.402854919433593750e-03
1.334905624389648438e-03
1.542329788208007812e-03
1.529693603515625000e-03
1.614093780517578125e-03
1.284837722778320312e-03
1.502990722656250000e-03
1.388788223266601562e-03
1.366138458251953125e-03
1.605987548828125000e-03
1.421213150024414062e-03
1.634120941162109375e-03
1.638174057006835938e-03
1.435756683349609375e-03
1.204013824462890625e-03
1.245975494384765625e-03
1.214265823364257812e-03
1.592159271240234375e-03
1.920938491821289062e-03
2.580165863037109375e-03
2.056837081909179688e-03
1.932144165039062500e-03
1.894950866699218750e-03
1.766204833984375000e-03
1.355886459350585938e-03
1.322031021118164062e-03
1.377820968627929688e-03
2.151250839233398438e-03
1.919984817504882812e-03
2.118825912475585938e-03
1.661062240600585938e-03
1.384019851684570312e-03
1.307249069213867188e-03
1.242876052856445312e-03
1.221895217895507812e-03
1.266956329345703125e-03
1.403331756591796875e-03
1.321792602539062500e-03
1.172065734863281250e-03
1.778125762939453125e-03
1.895904541015625000e-03
1.791954040527343750e-03
1.349925994873046875e-03
1.378059387207031250e-03
1.427173614501953125e-03
1.432895660400390625e-03
1.288175582885742188e-03
1.131057739257812500e-03
1.846075057983398438e-03
1.482963562011718750e-03
1.322031021118164062e-03
1.741170883178710938e-03
1.520156860351562500e-03
1.751899719238281250e-03
1.935958862304687500e-03
1.639842987060546875e-03
1.558065414428710938e-03
2.880811691284179688e-03
2.539873123168945312e-03
1.938104629516601562e-03
1.868724822998046875e-03
1.646041870117187500e-03
1.628160476684570312e-03
1.465797424316406250e-03
1.637220382690429688e-03
1.689910888671875000e-03
1.533985137939453125e-03
1.592159271240234375e-03
1.232862472534179688e-03
3.109693527221679688e-03
2.498149871826171875e-03
1.860141754150390625e-03
1.579046249389648438e-03
1.398801803588867188e-03
1.616954803466796875e-03
1.565933227539062500e-03
1.404047012329101562e-03
1.455783843994140625e-03
1.859188079833984375e-03
2.228975296020507812e-03
2.533197402954101562e-03
2.437829971313476562e-03
2.398014068603515625e-03
2.039194107055664062e-03
2.050876617431640625e-03
1.943111419677734375e-03
1.692056655883789062e-03
1.676082611083984375e-03
1.471042633056640625e-03
1.521348953247070312e-03
2.457857131958007812e-03
2.125740051269531250e-03
1.818656921386718750e-03
2.005100250244140625e-03
2.166032791137695312e-03
2.096891403198242188e-03
1.737117767333984375e-03
1.384973526000976562e-03
1.298189163208007812e-03
2.210140228271484375e-03
1.620054244995117188e-03
1.513957977294921875e-03
1.634836196899414062e-03
1.635074615478515625e-03
1.707077026367187500e-03
1.322031021118164062e-03
1.389980316162109375e-03
1.480817794799804688e-03
2.243041992187500000e-03
2.217769622802734375e-03
1.846075057983398438e-03
2.333879470825195312e-03
2.115964889526367188e-03
1.864910125732421875e-03
1.974105834960937500e-03
1.647233963012695312e-03
2.059936523437500000e-03
1.786947250366210938e-03
1.695871353149414062e-03
1.572847366333007812e-03
1.842260360717773438e-03
1.583814620971679688e-03
1.458883285522460938e-03
1.730680465698242188e-03
1.603841781616210938e-03
1.892089843750000000e-03
1.420259475708007812e-03
1.324653625488281250e-03
1.148939132690429688e-03
2.511978149414062500e-03
2.114057540893554688e-03
2.058029174804687500e-03
2.169132232666015625e-03
2.094745635986328125e-03
2.064943313598632812e-03
1.810789108276367188e-03
1.910924911499023438e-03
1.255989074707031250e-03
1.777172088623046875e-03
1.565933227539062500e-03
1.512050628662109375e-03
3.811120986938476562e-03
1.444816589355468750e-03
1.344919204711914062e-03
2.000808715820312500e-03
1.651048660278320312e-03
1.706838607788085938e-03
1.914024353027343750e-03
1.778841018676757812e-03
1.734018325805664062e-03
1.962900161743164062e-03
1.648902893066406250e-03
1.862287521362304688e-03
2.020835876464843750e-03
1.687049865722656250e-03
1.550197601318359375e-03
1.559972763061523438e-03
1.482009887695312500e-03
1.583099365234375000e-03
1.935958862304687500e-03
1.648902893066406250e-03
1.791954040527343750e-03
1.830816268920898438e-03
1.664161682128906250e-03
1.672029495239257812e-03
2.170085906982421875e-03
1.791954040527343750e-03
1.708030700683593750e-03
2.326011657714843750e-03
2.246856689453125000e-03
2.052307128906250000e-03
1.802921295166015625e-03
1.682043075561523438e-03
1.646995544433593750e-03
2.245903015136718750e-03
1.916170120239257812e-03
1.707077026367187500e-03
2.875089645385742188e-03
2.655982971191406250e-03
2.002954483032226562e-03
2.108812332153320312e-03
1.840114593505859375e-03
1.710176467895507812e-03
2.156019210815429688e-03
1.941442489624023438e-03
1.760721206665039062e-03
1.517057418823242188e-03
1.451015472412109375e-03
1.459121704101562500e-03
2.144098281860351562e-03
1.950025558471679688e-03
1.813888549804687500e-03
2.149105072021484375e-03
1.784086227416992188e-03
1.660108566284179688e-03
2.015829086303710938e-03
1.739978790283203125e-03
1.815080642700195312e-03
1.777887344360351562e-03
1.681804656982421875e-03
1.670837402343750000e-03
2.145767211914062500e-03
1.765251159667968750e-03
1.698732376098632812e-03
1.345157623291015625e-03
1.298904418945312500e-03
1.388788223266601562e-03
2.123832702636718750e-03
1.817941665649414062e-03
1.700878143310546875e-03
2.056121826171875000e-03
1.780986785888671875e-03
1.705884933471679688e-03
