3.819444444444444642e+00
4.166666666666666963e+00
4.253472222222222321e+00
4.513888888888889284e+00
5.208333333333333037e+00
5.815972222222222321e+00
7.118055555555555358e+00
8.159722222222221433e+00
8.420138888888889284e+00
9.027777777777778567e+00
9.895833333333333925e+00
1.154513888888888928e+01
1.189236111111111072e+01
1.362847222222222143e+01
1.536458333333333393e+01
1.657986111111111072e+01
1.857638888888888928e+01
1.935763888888888928e+01
2.196180555555555713e+01
2.317708333333333215e+01
2.578125000000000000e+01
2.717013888888888928e+01
3.003472222222222143e+01
3.194444444444444287e+01
3.298611111111111427e+01
3.307291666666666430e+01
3.463541666666666430e+01
3.671875000000000000e+01
3.767361111111111427e+01
3.984375000000000000e+01
4.184027777777777857e+01
4.279513888888888573e+01
4.305555555555555713e+01
4.522569444444444287e+01
4.583333333333333570e+01
4.696180555555555713e+01
4.652777777777777857e+01
4.730902777777777857e+01
4.904513888888888573e+01
4.930555555555555713e+01
5.034722222222222143e+01
5.052083333333333570e+01
5.173611111111111427e+01
5.347222222222222143e+01
5.399305555555555713e+01
5.468750000000000000e+01
5.546875000000000000e+01
5.633680555555555713e+01
5.720486111111111427e+01
5.842013888888888573e+01
5.928819444444444287e+01
5.972222222222222143e+01
5.998263888888888573e+01
6.093750000000000000e+01
6.006944444444444287e+01
6.102430555555555713e+01
6.206597222222222143e+01
6.302083333333333570e+01
6.432291666666667140e+01
6.475694444444444287e+01
6.527777777777777146e+01
6.623263888888888573e+01
6.692708333333332860e+01
6.579861111111111427e+01
6.579861111111111427e+01
6.597222222222222854e+01
6.649305555555555713e+01
6.831597222222222854e+01
6.901041666666667140e+01
6.805555555555555713e+01
6.744791666666667140e+01
6.814236111111111427e+01
7.031250000000000000e+01
7.031250000000000000e+01
7.074652777777777146e+01
7.230902777777777146e+01
7.395833333333332860e+01
7.335069444444444287e+01
7.395833333333332860e+01
7.491319444444444287e+01
7.369791666666667140e+01
7.439236111111111427e+01
7.526041666666667140e+01
7.430555555555555713e+01
7.447916666666667140e+01
7.404513888888888573e+01
7.456597222222222854e+01
7.586805555555555713e+01
7.699652777777777146e+01
7.803819444444444287e+01
7.803819444444444287e+01
7.751736111111111427e+01
7.786458333333332860e+01
7.690972222222222854e+01
7.578125000000000000e+01
7.612847222222222854e+01
7.630208333333332860e+01
7.795138888888888573e+01
7.873263888888888573e+01
7.890625000000000000e+01
7.994791666666667140e+01
7.890625000000000000e+01
7.786458333333332860e+01
7.664930555555555713e+01
7.855902777777777146e+01
8.046875000000000000e+01
7.994791666666667140e+01
8.020833333333332860e+01
8.038194444444444287e+01
8.020833333333332860e+01
8.064236111111111427e+01
8.029513888888888573e+01
8.020833333333332860e+01
8.098958333333332860e+01
8.133680555555555713e+01
8.020833333333332860e+01
8.090277777777777146e+01
8.211805555555555713e+01
8.211805555555555713e+01
8.159722222222222854e+01
8.151041666666667140e+01
8.125000000000000000e+01
8.125000000000000000e+01
8.168402777777777146e+01
8.237847222222222854e+01
8.168402777777777146e+01
8.211805555555555713e+01
8.229166666666667140e+01
8.246527777777777146e+01
8.194444444444444287e+01
8.220486111111111427e+01
8.116319444444444287e+01
8.185763888888888573e+01
8.229166666666667140e+01
8.307291666666667140e+01
8.125000000000000000e+01
8.220486111111111427e+01
8.289930555555555713e+01
8.263888888888888573e+01
8.394097222222222854e+01
8.324652777777777146e+01
8.289930555555555713e+01
8.229166666666667140e+01
8.324652777777777146e+01
8.255208333333332860e+01
8.298611111111111427e+01
8.307291666666667140e+01
8.315972222222222854e+01
8.385416666666667140e+01
8.281250000000000000e+01
8.298611111111111427e+01
8.420138888888888573e+01
8.342013888888888573e+01
8.411458333333332860e+01
8.376736111111111427e+01
8.368055555555555713e+01
8.272569444444444287e+01
8.333333333333332860e+01
8.394097222222222854e+01
8.437500000000000000e+01
8.454861111111111427e+01
8.324652777777777146e+01
8.315972222222222854e+01
8.272569444444444287e+01
8.307291666666667140e+01
8.359375000000000000e+01
8.437500000000000000e+01
8.289930555555555713e+01
8.385416666666667140e+01
8.394097222222222854e+01
8.402777777777777146e+01
8.385416666666667140e+01
8.376736111111111427e+01
8.394097222222222854e+01
8.437500000000000000e+01
8.376736111111111427e+01
8.428819444444444287e+01
8.437500000000000000e+01
8.368055555555555713e+01
8.420138888888888573e+01
8.454861111111111427e+01
8.489583333333332860e+01
8.463541666666667140e+01
8.463541666666667140e+01
8.515625000000000000e+01
8.532986111111111427e+01
8.498263888888888573e+01
8.515625000000000000e+01
8.541666666666667140e+01
8.498263888888888573e+01
8.532986111111111427e+01
8.515625000000000000e+01
8.463541666666667140e+01
8.498263888888888573e+01
8.515625000000000000e+01
8.498263888888888573e+01
8.498263888888888573e+01
8.489583333333332860e+01
8.506944444444444287e+01
8.498263888888888573e+01
