6.087377786636352539e+00
7.956548929214477539e+00
9.821928977966308594e+00
1.169802689552307129e+01
1.356916785240173340e+01
1.544330883026123047e+01
1.730862283706665039e+01
1.917957782745361328e+01
2.104991269111633301e+01
2.292867898941040039e+01
2.480495166778564453e+01
2.669286775588989258e+01
2.856660103797912598e+01
3.044128489494323730e+01
3.231808376312255859e+01
3.419061994552612305e+01
3.607534098625183105e+01
3.792716479301452637e+01
3.980308890342712402e+01
4.167032694816589355e+01
4.353640770912170410e+01
4.540771675109863281e+01
4.728943276405334473e+01
4.916276979446411133e+01
5.104034090042114258e+01
5.291150689125061035e+01
5.478038978576660156e+01
5.665098810195922852e+01
5.853344392776489258e+01
6.041148281097412109e+01
6.228500795364379883e+01
6.416362977027893066e+01
6.603416395187377930e+01
6.791283583641052246e+01
6.976833486557006836e+01
7.164485883712768555e+01
7.352521085739135742e+01
7.539666485786437988e+01
7.728264498710632324e+01
7.915642285346984863e+01
8.103243184089660645e+01
8.291768288612365723e+01
8.478888607025146484e+01
8.667716884613037109e+01
8.855629181861877441e+01
9.043254399299621582e+01
9.230604481697082520e+01
9.418708300590515137e+01
9.606210589408874512e+01
9.792289996147155762e+01
9.979868173599243164e+01
1.016543700695037842e+02
1.035298078060150146e+02
1.053921279907226562e+02
1.072639119625091553e+02
1.091464178562164307e+02
1.110204930305480957e+02
1.128988270759582520e+02
1.147746088504791260e+02
1.166427247524261475e+02
1.185266199111938477e+02
1.203989608287811279e+02
1.222726719379425049e+02
1.241443960666656494e+02
1.260139398574829102e+02
1.278932337760925293e+02
1.297817249298095703e+02
1.316428689956665039e+02
1.334990658760070801e+02
1.353604679107666016e+02
1.372514598369598389e+02
1.391320419311523438e+02
1.410089967250823975e+02
1.428826539516448975e+02
1.447714748382568359e+02
1.466748139858245850e+02
1.485604207515716553e+02
