1.154513888888888928e+01
1.718750000000000000e+01
2.057291666666666785e+01
2.595486111111111072e+01
3.446180555555555713e+01
3.845486111111111427e+01
4.314236111111111427e+01
4.748263888888888573e+01
5.156250000000000000e+01
5.564236111111111427e+01
5.729166666666666430e+01
5.972222222222222143e+01
6.215277777777777857e+01
6.267361111111111427e+01
6.510416666666667140e+01
6.406250000000000000e+01
6.918402777777777146e+01
6.996527777777777146e+01
7.083333333333332860e+01
7.282986111111111427e+01
7.213541666666667140e+01
7.465277777777777146e+01
7.387152777777777146e+01
7.456597222222222854e+01
7.170138888888888573e+01
7.395833333333332860e+01
7.647569444444444287e+01
7.682291666666667140e+01
7.699652777777777146e+01
7.769097222222222854e+01
7.847222222222222854e+01
8.012152777777777146e+01
8.125000000000000000e+01
7.977430555555555713e+01
8.211805555555555713e+01
8.046875000000000000e+01
8.194444444444444287e+01
7.934027777777777146e+01
8.020833333333332860e+01
8.281250000000000000e+01
8.272569444444444287e+01
8.125000000000000000e+01
8.307291666666667140e+01
8.394097222222222854e+01
8.211805555555555713e+01
8.072916666666667140e+01
8.159722222222222854e+01
8.255208333333332860e+01
8.480902777777777146e+01
8.472222222222222854e+01
8.524305555555555713e+01
8.585069444444444287e+01
8.454861111111111427e+01
8.480902777777777146e+01
8.480902777777777146e+01
8.611111111111111427e+01
8.506944444444444287e+01
8.593750000000000000e+01
8.402777777777777146e+01
8.307291666666667140e+01
8.567708333333332860e+01
8.637152777777777146e+01
8.498263888888888573e+01
8.628472222222222854e+01
8.524305555555555713e+01
8.489583333333332860e+01
8.585069444444444287e+01
8.637152777777777146e+01
8.663194444444444287e+01
8.663194444444444287e+01
8.706597222222222854e+01
8.654513888888888573e+01
8.506944444444444287e+01
8.663194444444444287e+01
8.645833333333332860e+01
8.550347222222222854e+01
8.619791666666667140e+01
