1.200000000000000000e+01
2.500000000000000000e+01
3.800000000000000000e+01
5.100000000000000000e+01
6.400000000000000000e+01
7.700000000000000000e+01
9.000000000000000000e+01
1.030000000000000000e+02
1.160000000000000000e+02
1.290000000000000000e+02
1.420000000000000000e+02
1.550000000000000000e+02
1.680000000000000000e+02
1.810000000000000000e+02
1.940000000000000000e+02
2.070000000000000000e+02
2.200000000000000000e+02
2.330000000000000000e+02
2.460000000000000000e+02
2.590000000000000000e+02
2.720000000000000000e+02
2.850000000000000000e+02
2.980000000000000000e+02
3.110000000000000000e+02
3.240000000000000000e+02
3.370000000000000000e+02
3.500000000000000000e+02
3.630000000000000000e+02
3.760000000000000000e+02
3.890000000000000000e+02
4.020000000000000000e+02
4.150000000000000000e+02
4.280000000000000000e+02
4.410000000000000000e+02
4.540000000000000000e+02
4.670000000000000000e+02
4.800000000000000000e+02
4.930000000000000000e+02
5.060000000000000000e+02
5.190000000000000000e+02
5.320000000000000000e+02
5.450000000000000000e+02
5.580000000000000000e+02
5.710000000000000000e+02
5.840000000000000000e+02
5.970000000000000000e+02
6.100000000000000000e+02
6.230000000000000000e+02
6.360000000000000000e+02
6.490000000000000000e+02
6.620000000000000000e+02
6.750000000000000000e+02
6.880000000000000000e+02
7.010000000000000000e+02
7.140000000000000000e+02
7.270000000000000000e+02
7.400000000000000000e+02
7.530000000000000000e+02
7.660000000000000000e+02
7.790000000000000000e+02
7.920000000000000000e+02
8.050000000000000000e+02
8.180000000000000000e+02
8.310000000000000000e+02
8.440000000000000000e+02
8.570000000000000000e+02
8.700000000000000000e+02
8.830000000000000000e+02
8.960000000000000000e+02
9.090000000000000000e+02
9.220000000000000000e+02
9.350000000000000000e+02
9.480000000000000000e+02
9.610000000000000000e+02
9.740000000000000000e+02
9.870000000000000000e+02
1.000000000000000000e+03
