7.378472222222222321e+00
8.593750000000000000e+00
1.137152777777777857e+01
1.215277777777777857e+01
1.467013888888888928e+01
1.788194444444444287e+01
2.057291666666666785e+01
2.352430555555555713e+01
2.578125000000000000e+01
2.925347222222222143e+01
3.237847222222222143e+01
3.836805555555555713e+01
4.131944444444444287e+01
4.609375000000000000e+01
5.069444444444444287e+01
5.486111111111111427e+01
5.763888888888888573e+01
5.885416666666666430e+01
6.076388888888888573e+01
6.258680555555555713e+01
6.484375000000000000e+01
6.657986111111111427e+01
6.814236111111111427e+01
7.057291666666667140e+01
7.013888888888888573e+01
7.248263888888888573e+01
7.430555555555555713e+01
7.361111111111111427e+01
7.647569444444444287e+01
7.664930555555555713e+01
7.621527777777777146e+01
7.838541666666667140e+01
7.847222222222222854e+01
7.690972222222222854e+01
8.046875000000000000e+01
7.977430555555555713e+01
8.020833333333332860e+01
8.151041666666667140e+01
8.133680555555555713e+01
8.151041666666667140e+01
7.829861111111111427e+01
8.142361111111111427e+01
7.934027777777777146e+01
8.246527777777777146e+01
8.072916666666667140e+01
8.342013888888888573e+01
8.263888888888888573e+01
8.428819444444444287e+01
8.307291666666667140e+01
8.420138888888888573e+01
8.281250000000000000e+01
8.489583333333332860e+01
8.446180555555555713e+01
8.489583333333332860e+01
8.489583333333332860e+01
8.402777777777777146e+01
8.506944444444444287e+01
8.472222222222222854e+01
8.559027777777777146e+01
8.541666666666667140e+01
8.420138888888888573e+01
8.550347222222222854e+01
8.420138888888888573e+01
8.350694444444444287e+01
8.116319444444444287e+01
8.454861111111111427e+01
8.498263888888888573e+01
8.472222222222222854e+01
8.359375000000000000e+01
8.446180555555555713e+01
8.411458333333332860e+01
8.376736111111111427e+01
8.315972222222222854e+01
8.550347222222222854e+01
8.576388888888888573e+01
8.463541666666667140e+01
8.628472222222222854e+01
8.576388888888888573e+01
8.637152777777777146e+01
8.671875000000000000e+01
8.611111111111111427e+01
8.741319444444444287e+01
8.628472222222222854e+01
8.697916666666667140e+01
8.628472222222222854e+01
8.645833333333332860e+01
8.619791666666667140e+01
8.611111111111111427e+01
8.767361111111111427e+01
8.619791666666667140e+01
8.723958333333332860e+01
8.706597222222222854e+01
8.732638888888888573e+01
8.663194444444444287e+01
8.828125000000000000e+01
8.671875000000000000e+01
8.671875000000000000e+01
8.593750000000000000e+01
8.758680555555555713e+01
8.697916666666667140e+01
8.663194444444444287e+01
8.732638888888888573e+01
8.758680555555555713e+01
8.819444444444444287e+01
8.732638888888888573e+01
8.793402777777777146e+01
8.845486111111111427e+01
8.854166666666667140e+01
8.810763888888888573e+01
8.828125000000000000e+01
8.828125000000000000e+01
8.611111111111111427e+01
8.559027777777777146e+01
8.776041666666667140e+01
8.784722222222222854e+01
8.784722222222222854e+01
8.880208333333332860e+01
8.854166666666667140e+01
8.862847222222222854e+01
8.888888888888888573e+01
8.828125000000000000e+01
8.871527777777777146e+01
8.828125000000000000e+01
8.758680555555555713e+01
8.854166666666667140e+01
8.967013888888888573e+01
8.784722222222222854e+01
8.914930555555555713e+01
8.802083333333332860e+01
8.854166666666667140e+01
8.949652777777777146e+01
8.880208333333332860e+01
8.949652777777777146e+01
8.958333333333332860e+01
8.906250000000000000e+01
8.923611111111111427e+01
8.776041666666667140e+01
8.732638888888888573e+01
8.567708333333332860e+01
8.654513888888888573e+01
8.949652777777777146e+01
8.975694444444444287e+01
8.871527777777777146e+01
8.871527777777777146e+01
8.888888888888888573e+01
8.949652777777777146e+01
8.888888888888888573e+01
8.897569444444444287e+01
8.958333333333332860e+01
8.854166666666667140e+01
8.949652777777777146e+01
9.036458333333332860e+01
8.949652777777777146e+01
8.793402777777777146e+01
8.923611111111111427e+01
8.880208333333332860e+01
8.871527777777777146e+01
8.854166666666667140e+01
8.923611111111111427e+01
9.027777777777777146e+01
8.993055555555555713e+01
8.949652777777777146e+01
8.871527777777777146e+01
8.940972222222222854e+01
8.871527777777777146e+01
9.010416666666667140e+01
8.967013888888888573e+01
8.940972222222222854e+01
9.019097222222222854e+01
8.897569444444444287e+01
9.071180555555555713e+01
8.967013888888888573e+01
9.027777777777777146e+01
9.001736111111111427e+01
9.019097222222222854e+01
8.880208333333332860e+01
9.010416666666667140e+01
9.079861111111111427e+01
8.967013888888888573e+01
9.062500000000000000e+01
9.001736111111111427e+01
8.932291666666667140e+01
9.010416666666667140e+01
9.010416666666667140e+01
9.036458333333332860e+01
9.053819444444444287e+01
8.993055555555555713e+01
8.940972222222222854e+01
8.836805555555555713e+01
8.923611111111111427e+01
8.897569444444444287e+01
8.993055555555555713e+01
9.045138888888888573e+01
9.001736111111111427e+01
9.062500000000000000e+01
9.045138888888888573e+01
8.993055555555555713e+01
9.036458333333332860e+01
9.036458333333332860e+01
9.149305555555555713e+01
