1.475694444444444464e+01
1.631944444444444287e+01
1.822916666666666785e+01
2.048611111111111072e+01
2.239583333333333215e+01
2.473958333333333215e+01
2.734375000000000000e+01
3.237847222222222143e+01
3.420138888888888573e+01
3.862847222222222143e+01
4.201388888888888573e+01
4.505208333333333570e+01
4.644097222222222143e+01
5.130208333333333570e+01
5.295138888888888573e+01
5.685763888888888573e+01
5.868055555555555713e+01
6.102430555555555713e+01
6.223958333333333570e+01
6.302083333333333570e+01
6.657986111111111427e+01
6.848958333333332860e+01
6.875000000000000000e+01
7.118055555555555713e+01
7.161458333333332860e+01
7.222222222222222854e+01
7.421875000000000000e+01
7.456597222222222854e+01
7.604166666666667140e+01
7.621527777777777146e+01
7.517361111111111427e+01
7.760416666666667140e+01
7.769097222222222854e+01
7.734375000000000000e+01
7.829861111111111427e+01
7.795138888888888573e+01
7.942708333333332860e+01
8.012152777777777146e+01
7.977430555555555713e+01
7.942708333333332860e+01
7.907986111111111427e+01
7.977430555555555713e+01
7.986111111111111427e+01
8.098958333333332860e+01
8.046875000000000000e+01
8.194444444444444287e+01
8.194444444444444287e+01
8.246527777777777146e+01
8.281250000000000000e+01
8.368055555555555713e+01
8.385416666666667140e+01
8.368055555555555713e+01
8.420138888888888573e+01
8.350694444444444287e+01
8.394097222222222854e+01
8.394097222222222854e+01
8.437500000000000000e+01
8.411458333333332860e+01
8.376736111111111427e+01
8.420138888888888573e+01
8.498263888888888573e+01
8.428819444444444287e+01
8.428819444444444287e+01
8.567708333333332860e+01
8.376736111111111427e+01
8.576388888888888573e+01
8.567708333333332860e+01
8.611111111111111427e+01
8.446180555555555713e+01
8.437500000000000000e+01
8.394097222222222854e+01
8.289930555555555713e+01
8.315972222222222854e+01
8.515625000000000000e+01
8.428819444444444287e+01
8.133680555555555713e+01
8.619791666666667140e+01
8.619791666666667140e+01
8.637152777777777146e+01
8.689236111111111427e+01
8.654513888888888573e+01
8.637152777777777146e+01
8.671875000000000000e+01
8.697916666666667140e+01
8.645833333333332860e+01
8.411458333333332860e+01
8.628472222222222854e+01
8.732638888888888573e+01
8.654513888888888573e+01
8.750000000000000000e+01
8.697916666666667140e+01
8.715277777777777146e+01
8.750000000000000000e+01
8.715277777777777146e+01
8.715277777777777146e+01
8.619791666666667140e+01
8.758680555555555713e+01
8.680555555555555713e+01
8.836805555555555713e+01
8.897569444444444287e+01
8.793402777777777146e+01
8.784722222222222854e+01
8.654513888888888573e+01
8.828125000000000000e+01
8.732638888888888573e+01
8.914930555555555713e+01
8.836805555555555713e+01
8.845486111111111427e+01
8.854166666666667140e+01
8.802083333333332860e+01
8.819444444444444287e+01
8.463541666666667140e+01
8.498263888888888573e+01
8.723958333333332860e+01
8.802083333333332860e+01
8.750000000000000000e+01
8.880208333333332860e+01
8.880208333333332860e+01
8.888888888888888573e+01
8.906250000000000000e+01
8.940972222222222854e+01
8.862847222222222854e+01
8.862847222222222854e+01
8.723958333333332860e+01
8.819444444444444287e+01
8.854166666666667140e+01
8.836805555555555713e+01
8.854166666666667140e+01
8.776041666666667140e+01
8.897569444444444287e+01
8.906250000000000000e+01
8.914930555555555713e+01
8.923611111111111427e+01
8.932291666666667140e+01
8.914930555555555713e+01
8.862847222222222854e+01
8.828125000000000000e+01
8.567708333333332860e+01
8.472222222222222854e+01
8.706597222222222854e+01
8.932291666666667140e+01
9.036458333333332860e+01
8.923611111111111427e+01
9.001736111111111427e+01
8.958333333333332860e+01
9.010416666666667140e+01
8.984375000000000000e+01
9.019097222222222854e+01
9.027777777777777146e+01
8.923611111111111427e+01
9.053819444444444287e+01
8.958333333333332860e+01
9.019097222222222854e+01
8.723958333333332860e+01
8.897569444444444287e+01
8.975694444444444287e+01
8.888888888888888573e+01
8.845486111111111427e+01
9.019097222222222854e+01
8.914930555555555713e+01
8.871527777777777146e+01
8.888888888888888573e+01
8.828125000000000000e+01
8.880208333333332860e+01
8.802083333333332860e+01
8.967013888888888573e+01
9.036458333333332860e+01
8.836805555555555713e+01
8.949652777777777146e+01
9.010416666666667140e+01
9.019097222222222854e+01
8.967013888888888573e+01
9.114583333333332860e+01
8.958333333333332860e+01
9.001736111111111427e+01
8.871527777777777146e+01
8.906250000000000000e+01
9.045138888888888573e+01
9.027777777777777146e+01
9.088541666666667140e+01
8.888888888888888573e+01
8.993055555555555713e+01
9.019097222222222854e+01
9.019097222222222854e+01
9.010416666666667140e+01
9.053819444444444287e+01
9.027777777777777146e+01
8.967013888888888573e+01
8.897569444444444287e+01
8.888888888888888573e+01
8.888888888888888573e+01
9.062500000000000000e+01
9.019097222222222854e+01
8.871527777777777146e+01
9.001736111111111427e+01
8.949652777777777146e+01
9.027777777777777146e+01
9.027777777777777146e+01
9.088541666666667140e+01
9.027777777777777146e+01
