5.530617713928222656e+00
6.380923748016357422e+00
7.235039949417114258e+00
8.074331760406494141e+00
8.934460878372192383e+00
9.781281709671020508e+00
1.064234876632690430e+01
1.148462390899658203e+01
1.233207297325134277e+01
1.318492293357849121e+01
1.403275489807128906e+01
1.487234163284301758e+01
1.571532177925109863e+01
1.655593776702880859e+01
1.739361166954040527e+01
1.823698472976684570e+01
1.907928395271301270e+01
1.991542482376098633e+01
2.075192785263061523e+01
2.159294700622558594e+01
2.243183279037475586e+01
2.327663993835449219e+01
2.411559772491455078e+01
2.496261096000671387e+01
2.580946993827819824e+01
2.664928483963012695e+01
2.748604869842529297e+01
2.832729768753051758e+01
2.916509270668029785e+01
3.000596570968627930e+01
3.085214996337890625e+01
3.169435071945190430e+01
3.253712487220764160e+01
3.338433790206909180e+01
3.423190784454345703e+01
3.507764482498168945e+01
3.591689085960388184e+01
3.676260876655578613e+01
3.760654187202453613e+01
3.844825601577758789e+01
3.929206466674804688e+01
4.014901089668273926e+01
4.098683977127075195e+01
4.183556890487670898e+01
4.267961502075195312e+01
4.352565670013427734e+01
4.436933398246765137e+01
4.520964288711547852e+01
4.605079293251037598e+01
4.689506578445434570e+01
4.773268985748291016e+01
4.857273983955383301e+01
4.941824793815612793e+01
5.025322699546813965e+01
5.110101675987243652e+01
5.195342969894409180e+01
5.279194784164428711e+01
5.363748669624328613e+01
5.447980189323425293e+01
5.531948971748352051e+01
5.616389083862304688e+01
5.701517891883850098e+01
5.785845184326171875e+01
5.870153093338012695e+01
5.954867100715637207e+01
6.039114689826965332e+01
6.123229789733886719e+01
6.207355499267578125e+01
6.291922879219055176e+01
6.375866174697875977e+01
6.459936070442199707e+01
6.543834090232849121e+01
6.628078389167785645e+01
6.712130475044250488e+01
6.796034884452819824e+01
6.879475283622741699e+01
6.963847565650939941e+01
7.047651386260986328e+01
7.128834891319274902e+01
7.213128185272216797e+01
7.298121976852416992e+01
7.382129883766174316e+01
7.466044878959655762e+01
7.553408479690551758e+01
7.637263798713684082e+01
7.721310186386108398e+01
7.805519390106201172e+01
7.890114474296569824e+01
7.973703193664550781e+01
8.058241796493530273e+01
8.142345976829528809e+01
8.225988197326660156e+01
8.310553503036499023e+01
8.394506597518920898e+01
8.478656077384948730e+01
8.563296389579772949e+01
8.647417187690734863e+01
8.731499075889587402e+01
8.816243791580200195e+01
8.900086283683776855e+01
8.983928680419921875e+01
9.068824887275695801e+01
9.152717185020446777e+01
9.237255501747131348e+01
9.322384691238403320e+01
9.406082105636596680e+01
9.490662193298339844e+01
9.575249171257019043e+01
9.659646391868591309e+01
9.744121670722961426e+01
9.828989481925964355e+01
9.913806796073913574e+01
9.997863388061523438e+01
1.008249568939208984e+02
1.016683478355407715e+02
1.025068757534027100e+02
1.033455488681793213e+02
1.041908638477325439e+02
1.050362608432769775e+02
1.058710758686065674e+02
1.067161858081817627e+02
1.075579748153686523e+02
1.083994567394256592e+02
1.092458758354187012e+02
1.100872006416320801e+02
1.109304447174072266e+02
1.117716288566589355e+02
1.126092557907104492e+02
1.134452817440032959e+02
1.142892308235168457e+02
1.151290659904479980e+02
1.159755198955535889e+02
1.168186779022216797e+02
1.176562988758087158e+02
1.184964909553527832e+02
1.193380317687988281e+02
1.201790947914123535e+02
1.210194046497344971e+02
1.218612418174743652e+02
1.227186448574066162e+02
1.235678188800811768e+02
1.244146387577056885e+02
1.252527339458465576e+02
1.261026029586791992e+02
1.269446318149566650e+02
1.277897779941558838e+02
1.286280620098114014e+02
1.294731898307800293e+02
1.303170738220214844e+02
1.311560189723968506e+02
1.319972999095916748e+02
1.328413119316101074e+02
1.336832418441772461e+02
1.345829019546508789e+02
1.354370758533477783e+02
1.363271298408508301e+02
1.371758458614349365e+02
1.379901738166809082e+02
1.388264088630676270e+02
1.396743266582489014e+02
1.405120027065277100e+02
1.413486967086791992e+02
1.421962008476257324e+02
1.430391619205474854e+02
1.438808157444000244e+02
1.447168478965759277e+02
1.455616168975830078e+02
1.463990290164947510e+02
1.472382049560546875e+02
1.480786747932434082e+02
1.489116458892822266e+02
1.497381308078765869e+02
1.505785608291625977e+02
1.514178650379180908e+02
1.522608358860015869e+02
1.531041569709777832e+02
1.539483878612518311e+02
1.548246867656707764e+02
1.556627597808837891e+02
3.372596228122711182e+02
3.381417186260223389e+02
3.390752718448638916e+02
3.399347999095916748e+02
3.407860379219055176e+02
3.416235957145690918e+02
3.424806909561157227e+02
3.433255896568298340e+02
3.441664657592773438e+02
3.450109236240386963e+02
3.458559617996215820e+02
3.466909499168395996e+02
3.475401296615600586e+02
3.483845336437225342e+02
3.492290806770324707e+02
3.500741927623748779e+02
3.509153349399566650e+02
3.517637298107147217e+02
3.526326837539672852e+02
3.535117058753967285e+02
3.543988358974456787e+02
