1.458333333333333393e+01
2.447916666666666785e+01
4.071180555555555713e+01
4.965277777777777857e+01
5.373263888888888573e+01
6.154513888888888573e+01
6.770833333333332860e+01
6.406250000000000000e+01
7.048611111111111427e+01
7.135416666666667140e+01
6.961805555555555713e+01
6.718750000000000000e+01
7.135416666666667140e+01
7.013888888888888573e+01
6.449652777777777146e+01
6.276041666666666430e+01
6.614583333333332860e+01
6.935763888888888573e+01
7.578125000000000000e+01
6.840277777777777146e+01
7.473958333333332860e+01
7.361111111111111427e+01
7.934027777777777146e+01
7.274305555555555713e+01
7.039930555555555713e+01
6.970486111111111427e+01
7.595486111111111427e+01
7.517361111111111427e+01
7.743055555555555713e+01
7.968750000000000000e+01
7.760416666666667140e+01
8.064236111111111427e+01
7.760416666666667140e+01
7.942708333333332860e+01
7.934027777777777146e+01
7.994791666666667140e+01
7.630208333333332860e+01
7.161458333333332860e+01
7.100694444444444287e+01
7.795138888888888573e+01
8.263888888888888573e+01
8.255208333333332860e+01
7.890625000000000000e+01
8.133680555555555713e+01
8.142361111111111427e+01
8.125000000000000000e+01
8.220486111111111427e+01
8.211805555555555713e+01
7.960069444444444287e+01
7.517361111111111427e+01
7.699652777777777146e+01
7.838541666666667140e+01
8.229166666666667140e+01
8.003472222222222854e+01
7.986111111111111427e+01
7.873263888888888573e+01
7.890625000000000000e+01
8.454861111111111427e+01
8.411458333333332860e+01
8.428819444444444287e+01
8.394097222222222854e+01
8.515625000000000000e+01
8.567708333333332860e+01
8.593750000000000000e+01
8.454861111111111427e+01
8.454861111111111427e+01
8.376736111111111427e+01
8.203125000000000000e+01
8.151041666666667140e+01
8.237847222222222854e+01
8.454861111111111427e+01
8.515625000000000000e+01
8.142361111111111427e+01
7.786458333333332860e+01
8.003472222222222854e+01
8.255208333333332860e+01
8.315972222222222854e+01
8.515625000000000000e+01
8.142361111111111427e+01
8.454861111111111427e+01
8.333333333333332860e+01
8.732638888888888573e+01
8.611111111111111427e+01
8.350694444444444287e+01
8.307291666666667140e+01
8.333333333333332860e+01
8.342013888888888573e+01
8.611111111111111427e+01
8.255208333333332860e+01
8.480902777777777146e+01
8.532986111111111427e+01
8.802083333333332860e+01
8.767361111111111427e+01
8.776041666666667140e+01
8.559027777777777146e+01
8.845486111111111427e+01
8.576388888888888573e+01
8.784722222222222854e+01
8.368055555555555713e+01
8.706597222222222854e+01
8.585069444444444287e+01
8.732638888888888573e+01
8.524305555555555713e+01
8.055555555555555713e+01
8.012152777777777146e+01
8.637152777777777146e+01
8.819444444444444287e+01
8.758680555555555713e+01
8.758680555555555713e+01
8.689236111111111427e+01
8.211805555555555713e+01
8.142361111111111427e+01
8.628472222222222854e+01
8.732638888888888573e+01
8.628472222222222854e+01
8.619791666666667140e+01
8.602430555555555713e+01
8.723958333333332860e+01
8.585069444444444287e+01
8.784722222222222854e+01
8.637152777777777146e+01
8.906250000000000000e+01
8.862847222222222854e+01
8.871527777777777146e+01
8.828125000000000000e+01
8.914930555555555713e+01
8.819444444444444287e+01
8.871527777777777146e+01
8.828125000000000000e+01
8.845486111111111427e+01
8.550347222222222854e+01
8.697916666666667140e+01
8.550347222222222854e+01
8.602430555555555713e+01
8.819444444444444287e+01
8.680555555555555713e+01
8.671875000000000000e+01
8.402777777777777146e+01
8.637152777777777146e+01
8.489583333333332860e+01
8.819444444444444287e+01
8.784722222222222854e+01
8.888888888888888573e+01
8.741319444444444287e+01
8.776041666666667140e+01
8.810763888888888573e+01
8.819444444444444287e+01
8.897569444444444287e+01
8.793402777777777146e+01
8.914930555555555713e+01
8.940972222222222854e+01
8.750000000000000000e+01
8.489583333333332860e+01
8.680555555555555713e+01
8.828125000000000000e+01
8.828125000000000000e+01
8.923611111111111427e+01
8.585069444444444287e+01
8.836805555555555713e+01
8.828125000000000000e+01
8.940972222222222854e+01
8.802083333333332860e+01
8.880208333333332860e+01
8.828125000000000000e+01
8.854166666666667140e+01
8.619791666666667140e+01
8.845486111111111427e+01
8.984375000000000000e+01
8.862847222222222854e+01
8.967013888888888573e+01
8.828125000000000000e+01
8.993055555555555713e+01
8.958333333333332860e+01
8.871527777777777146e+01
8.967013888888888573e+01
8.732638888888888573e+01
8.741319444444444287e+01
8.446180555555555713e+01
8.845486111111111427e+01
8.932291666666667140e+01
8.923611111111111427e+01
8.940972222222222854e+01
8.975694444444444287e+01
9.001736111111111427e+01
8.967013888888888573e+01
9.001736111111111427e+01
8.949652777777777146e+01
8.993055555555555713e+01
8.984375000000000000e+01
8.680555555555555713e+01
8.411458333333332860e+01
8.645833333333332860e+01
8.697916666666667140e+01
8.680555555555555713e+01
8.689236111111111427e+01
8.585069444444444287e+01
8.628472222222222854e+01
8.480902777777777146e+01
8.680555555555555713e+01
8.628472222222222854e+01
