1.614583333333333215e+01
2.717013888888888928e+01
4.166666666666666430e+01
4.696180555555555713e+01
5.425347222222222143e+01
5.607638888888888573e+01
6.328125000000000000e+01
6.467013888888888573e+01
7.039930555555555713e+01
6.640625000000000000e+01
7.213541666666667140e+01
6.875000000000000000e+01
6.953125000000000000e+01
6.779513888888888573e+01
6.692708333333332860e+01
6.927083333333332860e+01
7.326388888888888573e+01
7.109375000000000000e+01
6.961805555555555713e+01
7.013888888888888573e+01
6.467013888888888573e+01
6.979166666666667140e+01
7.187500000000000000e+01
7.430555555555555713e+01
7.178819444444444287e+01
7.256944444444444287e+01
7.404513888888888573e+01
7.673611111111111427e+01
7.907986111111111427e+01
7.586805555555555713e+01
7.404513888888888573e+01
7.534722222222222854e+01
7.847222222222222854e+01
7.447916666666667140e+01
7.074652777777777146e+01
7.274305555555555713e+01
7.387152777777777146e+01
7.586805555555555713e+01
7.751736111111111427e+01
7.699652777777777146e+01
8.411458333333332860e+01
8.125000000000000000e+01
8.307291666666667140e+01
8.151041666666667140e+01
8.159722222222222854e+01
8.038194444444444287e+01
8.038194444444444287e+01
7.960069444444444287e+01
7.717013888888888573e+01
7.916666666666667140e+01
7.517361111111111427e+01
7.821180555555555713e+01
8.506944444444444287e+01
8.237847222222222854e+01
8.628472222222222854e+01
8.524305555555555713e+01
8.593750000000000000e+01
8.394097222222222854e+01
8.437500000000000000e+01
8.090277777777777146e+01
8.480902777777777146e+01
8.159722222222222854e+01
8.185763888888888573e+01
7.803819444444444287e+01
7.821180555555555713e+01
8.090277777777777146e+01
8.593750000000000000e+01
8.446180555555555713e+01
8.567708333333332860e+01
8.281250000000000000e+01
8.550347222222222854e+01
8.350694444444444287e+01
8.350694444444444287e+01
8.263888888888888573e+01
8.463541666666667140e+01
8.446180555555555713e+01
8.637152777777777146e+01
8.324652777777777146e+01
8.741319444444444287e+01
8.506944444444444287e+01
8.420138888888888573e+01
8.081597222222222854e+01
8.185763888888888573e+01
8.194444444444444287e+01
8.576388888888888573e+01
8.289930555555555713e+01
8.541666666666667140e+01
8.420138888888888573e+01
8.819444444444444287e+01
8.732638888888888573e+01
8.784722222222222854e+01
8.741319444444444287e+01
8.706597222222222854e+01
8.741319444444444287e+01
8.663194444444444287e+01
8.576388888888888573e+01
8.750000000000000000e+01
8.593750000000000000e+01
8.810763888888888573e+01
8.732638888888888573e+01
8.793402777777777146e+01
8.715277777777777146e+01
8.741319444444444287e+01
8.767361111111111427e+01
8.836805555555555713e+01
8.802083333333332860e+01
8.689236111111111427e+01
8.828125000000000000e+01
8.593750000000000000e+01
8.489583333333332860e+01
8.133680555555555713e+01
8.489583333333332860e+01
7.951388888888888573e+01
7.934027777777777146e+01
8.368055555555555713e+01
8.394097222222222854e+01
8.498263888888888573e+01
8.732638888888888573e+01
8.723958333333332860e+01
