6.185797214508056641e+00
7.057239055633544922e+00
7.950925111770629883e+00
8.853976011276245117e+00
1.044288420677185059e+01
1.133063197135925293e+01
1.288990116119384766e+01
1.379135322570800781e+01
1.533622503280639648e+01
1.623664402961730957e+01
1.808684611320495605e+01
1.907271599769592285e+01
2.060355830192565918e+01
2.144646310806274414e+01
2.299769210815429688e+01
2.390289998054504395e+01
2.479539513587951660e+01
2.567881512641906738e+01
2.726785993576049805e+01
2.816581606864929199e+01
2.904272007942199707e+01
3.057678508758544922e+01
3.148571801185607910e+01
3.300548195838928223e+01
3.385531115531921387e+01
3.540625309944152832e+01
3.628463220596313477e+01
3.714230704307556152e+01
3.799753022193908691e+01
3.953490304946899414e+01
4.170671415328979492e+01
4.321139216423034668e+01
4.405187892913818359e+01
4.489219999313354492e+01
4.639297413825988770e+01
4.725766825675964355e+01
4.810703516006469727e+01
4.961177396774291992e+01
5.046451997756958008e+01
5.198839020729064941e+01
5.417270302772521973e+01
5.569525504112243652e+01
5.791592288017272949e+01
5.943435311317443848e+01
6.162224411964416504e+01
6.313868498802185059e+01
6.529915118217468262e+01
6.681169795989990234e+01
6.830145788192749023e+01
7.049112915992736816e+01
7.200422716140747070e+01
7.420599007606506348e+01
7.573895502090454102e+01
7.661976504325866699e+01
7.818916296958923340e+01
7.905247616767883301e+01
8.055550122261047363e+01
8.140165209770202637e+01
8.290600705146789551e+01
8.376208615303039551e+01
8.528699493408203125e+01
8.613729715347290039e+01
8.765220212936401367e+01
8.850328207015991211e+01
9.014473199844360352e+01
9.107485604286193848e+01
9.190417003631591797e+01
9.275615906715393066e+01
9.426139593124389648e+01
9.510660910606384277e+01
9.659691905975341797e+01
9.744232130050659180e+01
9.894030117988586426e+01
9.977551007270812988e+01
1.006194920539855957e+02
1.014883360862731934e+02
1.030397932529449463e+02
1.038783853054046631e+02
1.053840062618255615e+02
1.062324988842010498e+02
1.077478411197662354e+02
1.085923740863800049e+02
1.101051800251007080e+02
1.109567732810974121e+02
1.124680089950561523e+02
1.133187851905822754e+02
1.148292469978332520e+02
1.156838960647583008e+02
1.171747751235961914e+02
1.180279870033264160e+02
1.195378870964050293e+02
1.203895180225372314e+02
1.218970930576324463e+02
1.227514519691467285e+02
1.236052360534667969e+02
1.251168701648712158e+02
1.273917939662933350e+02
1.289800813198089600e+02
1.313832061290740967e+02
1.329189910888671875e+02
1.351180081367492676e+02
1.366550478935241699e+02
1.388585972785949707e+02
1.404179809093475342e+02
1.413116700649261475e+02
1.422092890739440918e+02
1.437576551437377930e+02
1.460479841232299805e+02
1.475636112689971924e+02
1.497744641304016113e+02
1.513735370635986328e+02
1.536204371452331543e+02
1.551638169288635254e+02
1.573516449928283691e+02
1.589168140888214111e+02
1.597896051406860352e+02
1.613353180885314941e+02
1.621982550621032715e+02
1.630613651275634766e+02
