6.436109542846679688e-03
2.084016799926757812e-03
3.519058227539062500e-04
1.194000244140625000e-03
3.490447998046875000e-04
4.370212554931640625e-04
1.729726791381835938e-03
4.940032958984375000e-04
6.349086761474609375e-04
1.428127288818359375e-03
5.169153213500976562e-03
6.248950958251953125e-04
6.392002105712890625e-04
2.064943313598632812e-03
3.471374511718750000e-04
6.289482116699218750e-04
3.819465637207031250e-04
1.425027847290039062e-03
3.960132598876953125e-04
8.230209350585937500e-04
1.496076583862304688e-03
4.532337188720703125e-04
1.100063323974609375e-03
3.261566162109375000e-04
1.201868057250976562e-03
3.361701965332031250e-04
5.950927734375000000e-04
1.348972320556640625e-03
5.598068237304687500e-04
3.015279769897460938e-03
3.368854522705078125e-04
4.637241363525390625e-04
1.601934432983398438e-03
6.091594696044921875e-04
1.497745513916015625e-03
3.619194030761718750e-04
4.379749298095703125e-04
1.653909683227539062e-03
3.209114074707031250e-04
2.216100692749023438e-03
5.412101745605468750e-04
1.163959503173828125e-03
3.352165222167968750e-04
4.980564117431640625e-04
2.098083496093750000e-03
3.380775451660156250e-04
1.600027084350585938e-03
3.349781036376953125e-04
1.028776168823242188e-03
2.485990524291992188e-03
3.490447998046875000e-04
2.305984497070312500e-03
3.378391265869140625e-04
5.390644073486328125e-04
1.890897750854492188e-03
6.577968597412109375e-04
2.342939376831054688e-03
3.268718719482421875e-04
1.307010650634765625e-03
3.321170806884765625e-04
6.778240203857421875e-04
1.030921936035156250e-03
3.409385681152343750e-04
1.089096069335937500e-03
7.071495056152343750e-04
1.413106918334960938e-03
3.359317779541015625e-04
9.341239929199218750e-04
1.718997955322265625e-03
9.207725524902343750e-04
1.527786254882812500e-03
4.038810729980468750e-04
9.322166442871093750e-04
1.214981079101562500e-03
9.598731994628906250e-04
9.493827819824218750e-04
1.878976821899414062e-03
3.499984741210937500e-04
8.871555328369140625e-04
5.609989166259765625e-04
5.099773406982421875e-04
1.037836074829101562e-03
5.679130554199218750e-04
7.660388946533203125e-04
5.249977111816406250e-04
6.961822509765625000e-04
1.076936721801757812e-03
1.836061477661132812e-03
3.299713134765625000e-04
4.351139068603515625e-04
1.492977142333984375e-03
1.335859298706054688e-03
9.100437164306640625e-04
1.130104064941406250e-03
1.640796661376953125e-03
3.402233123779296875e-04
4.370212554931640625e-04
7.450580596923828125e-04
6.840229034423828125e-04
7.319450378417968750e-04
1.744031906127929688e-03
3.371238708496093750e-04
1.393079757690429688e-03
7.638931274414062500e-04
6.151199340820312500e-04
1.001834869384765625e-03
9.291172027587890625e-04
2.308845520019531250e-03
3.461837768554687500e-04
9.107589721679687500e-04
8.451938629150390625e-04
5.769729614257812500e-04
6.198883056640625000e-04
5.440711975097656250e-04
1.610994338989257812e-03
4.467964172363281250e-04
5.996227264404296875e-04
1.179933547973632812e-03
8.108615875244140625e-04
8.120536804199218750e-04
1.010894775390625000e-03
3.547668457031250000e-04
9.281635284423828125e-04
9.338855743408203125e-04
5.738735198974609375e-04
9.269714355468750000e-04
9.250640869140625000e-04
1.948118209838867188e-03
3.499984741210937500e-04
6.470680236816406250e-04
4.439353942871093750e-04
7.128715515136718750e-04
9.367465972900390625e-04
1.457929611206054688e-03
3.352165222167968750e-04
5.970001220703125000e-04
