7.415056228637695312e-03
1.721382141113281250e-04
1.509189605712890625e-04
6.604194641113281250e-05
2.269744873046875000e-04
1.180171966552734375e-04
1.928806304931640625e-04
9.512901306152343750e-05
3.960132598876953125e-04
1.902580261230468750e-04
2.260208129882812500e-04
1.151561737060546875e-04
2.188682556152343750e-04
1.161098480224609375e-04
1.482963562011718750e-04
6.794929504394531250e-05
1.521110534667968750e-04
6.413459777832031250e-05
1.280307769775390625e-04
5.412101745605468750e-05
2.410411834716796875e-04
1.461505889892578125e-04
1.490116119384765625e-04
6.675720214843750000e-05
1.819133758544921875e-04
7.891654968261718750e-05
4.589557647705078125e-04
3.528594970703125000e-04
2.911090850830078125e-04
1.580715179443359375e-04
1.411437988281250000e-04
6.675720214843750000e-05
2.911090850830078125e-04
1.599788665771484375e-04
2.269744873046875000e-04
1.189708709716796875e-04
1.451969146728515625e-04
6.508827209472656250e-05
2.207756042480468750e-04
1.196861267089843750e-04
4.360675811767578125e-04
2.398490905761718750e-04
2.939701080322265625e-04
1.580715179443359375e-04
1.749992370605468750e-04
7.700920104980468750e-05
1.218318939208984375e-04
5.507469177246093750e-05
1.471042633056640625e-04
6.818771362304687500e-05
2.291202545166015625e-04
1.180171966552734375e-04
2.958774566650390625e-04
1.578330993652343750e-04
1.368522644042968750e-04
5.793571472167968750e-05
3.199577331542968750e-04
1.668930053710937500e-04
2.901554107666015625e-04
1.840591430664062500e-04
1.640319824218750000e-04
7.605552673339843750e-05
2.870559692382812500e-04
1.547336578369140625e-04
2.260208129882812500e-04
1.180171966552734375e-04
1.389980316162109375e-04
6.484985351562500000e-05
2.942085266113281250e-04
1.568794250488281250e-04
2.212524414062500000e-04
1.142024993896484375e-04
